1;;1;;1;;2016 Winter Antiques Show • January 22-31, 2016;;1;;0;;0;;1;;1;;0;;0;;0;;1;;0;;0;;0;;0;;0;;0;;1;;0;;0;;0;;0;;0;;0;;0;;0;;0;;0;;0;;0;;0;;0;;0;;0
1;;0;;2;;We Heart Art Penthouse Evening with Live Jazz;;0;;1;;0;;1;;1;;0;;0;;0;;1;;0;;0;;0;;1;;0;;0;;0;;0;;0;;0;;0;;0;;0;;0;;0;;0;;0;;0;;0;;0;;0;;0;;0
1;;0;;3;;SATURDAY NIGHT AT MISSION NIGHTCLUB LOUNGE;;0;;1;;0;;1;;1;;0;;0;;0;;1;;0;;0;;0;;1;;0;;0;;0;;0;;0;;0;;0;;0;;0;;0;;0;;0;;0;;0;;0;;0;;0;;0;;0
1;;1;;4;;FREE NEW YEARS EVE PARTY WITH FASHION SHOW;;1;;0;;0;;1;;1;;0;;0;;0;;1;;0;;0;;0;;0;;0;;0;;0;;0;;0;;0;;0;;0;;0;;0;;1;;0;;0;;0;;0;;0;;0;;0;;0
1;;0;;5;;FALL ROOFTOP FRIDAY at the DL rooftop + FREE admission on Peter's list;;0;;1;;1;;0;;1;;0;;0;;0;;1;;0;;0;;0;;1;;0;;0;;0;;0;;0;;0;;0;;0;;0;;0;;0;;0;;0;;0;;0;;0;;0;;0;;0
1;;0;;6;;Style & Grace At Lifestyle Saturdays Liberty Theater;;0;;1;;0;;1;;1;;0;;0;;0;;1;;0;;0;;0;;1;;0;;0;;0;;0;;0;;0;;0;;0;;0;;0;;0;;0;;0;;0;;0;;0;;0;;0;;0
1;;1;;7;;ULTRA FRIDAYS NYC @ Santos Party House LADIES NO COVER ALL NIGHT W/ RSVP #GQEVENT;;0;;1;;0;;1;;1;;0;;0;;0;;1;;0;;0;;0;;1;;0;;0;;0;;0;;0;;0;;0;;0;;0;;0;;0;;0;;0;;0;;0;;0;;0;;0;;0
1;;0;;8;;Certified Saturdays At Milk River By The Barclay Center;;0;;1;;1;;0;;1;;0;;0;;0;;0;;0;;1;;0;;0;;0;;0;;0;;0;;1;;0;;0;;0;;0;;0;;0;;0;;0;;0;;0;;0;;0;;0;;0
1;;0;;9;;MADE IN DECEMBER at Orbit NYC Sunday December 13th Ladies Fr33 before 12 with Rsvp ...;;0;;1;;0;;1;;0;;1;;0;;0;;1;;0;;0;;0;;1;;0;;0;;0;;0;;0;;0;;0;;0;;0;;0;;0;;0;;0;;0;;0;;0;;0;;0;;0
1;;0;;10;;Sat Jan 2nd " What a Time to be Alive " at Milk River | & |  The All WHITE Party Jan 23rd at Milk River | Fr33 Before 12 with RSVP to The Link Below;;1;;0;;0;;1;;0;;1;;0;;0;;0;;0;;1;;0;;1;;0;;0;;0;;0;;0;;0;;0;;0;;0;;0;;0;;0;;0;;0;;0;;0;;0;;0;;0
1;;0;;11;;Showtime Saturday with Money and Violence " Sagittarius affair party " at Love Nightclub Everyone free Before 12 with Rsvp to the Like Blow ..;;0;;1;;0;;1;;0;;1;;0;;0;;0;;0;;1;;0;;1;;0;;0;;0;;0;;0;;0;;0;;0;;0;;0;;0;;0;;0;;0;;0;;0;;0;;0;;0
1;;1;;12;;SATURDAY NIGHT @ HUDSON  TERRACE;;0;;1;;0;;1;;1;;0;;0;;0;;1;;0;;0;;0;;1;;0;;0;;0;;0;;0;;0;;0;;0;;0;;0;;0;;0;;0;;0;;0;;0;;0;;0;;0
1;;1;;13;;NYE BROOKLYN BALL 2016;;1;;0;;0;;1;;1;;0;;0;;0;;0;;0;;0;;0;;0;;0;;0;;1;;0;;0;;0;;0;;0;;0;;0;;0;;0;;0;;0;;0;;0;;0;;0;;0
1;;1;;14;;RISING ICONS the Biggest Capricorn Celebration in NYC 2015 at LOVE NIGHT CLUB & LUST NYC #Gqevent;;0;;1;;0;;1;;1;;0;;0;;0;;0;;0;;1;;0;;1;;0;;0;;0;;0;;0;;0;;0;;0;;0;;0;;0;;0;;0;;0;;0;;0;;0;;0;;0
1;;0;;15;;New Jersey City Hip Hop Day Festival;;0;;1;;0;;1;;1;;0;;0;;0;;0;;1;;0;;0;;1;;0;;0;;0;;0;;0;;0;;0;;0;;0;;0;;0;;0;;0;;0;;0;;0;;0;;0;;0
1;;0;;16;;NYC - Financial Freedom Investor Orientation / Learn the Insider Secrets of Savvy Real Estate Investors!!;;1;;0;;0;;1;;1;;0;;0;;0;;1;;0;;0;;0;;0;;1;;0;;0;;0;;0;;0;;0;;0;;0;;0;;0;;0;;0;;0;;0;;0;;0;;0;;0
1;;0;;17;;Star Wars Night! Harpoon UFO Bucket Specials & Chance to Win Star Wars Tickets!;;1;;0;;0;;1;;1;;0;;0;;0;;1;;0;;0;;0;;0;;0;;0;;0;;0;;1;;0;;0;;0;;0;;0;;0;;0;;0;;0;;0;;0;;0;;0;;0
1;;0;;18;;THE Official Red Carpet Affair FASHION NIGHT OUT at Orbit NYC Friday Jan 1st EVERYONE FR33 WITH RSVP TO THE LINK BELOW ..;;1;;0;;0;;1;;1;;0;;0;;0;;1;;0;;0;;0;;0;;0;;0;;0;;0;;1;;0;;0;;0;;0;;0;;0;;0;;0;;0;;0;;0;;0;;0;;0
1;;1;;19;;I LOVE Tuesdays at Falucka Lounge | TURN UP Wednesdays at NY Tracks Cafe | $100 BOTTLES RSVP to the Link BELOW;;0;;1;;0;;1;;0;;1;;0;;0;;1;;0;;0;;0;;1;;0;;0;;0;;0;;0;;0;;0;;0;;0;;0;;0;;0;;0;;0;;0;;0;;0;;0;;0
1;;0;;20;;Ho-Ho-Hoboken SantaCon 2015;;0;;1;;1;;0;;0;;1;;0;;0;;0;;1;;0;;0;;0;;0;;0;;0;;0;;0;;0;;0;;0;;0;;0;;0;;0;;1;;0;;0;;0;;0;;0;;0
1;;0;;21;;Campagnolo Gran Fondo New York 2016;;1;;0;;1;;0;;1;;0;;0;;0;;1;;0;;0;;0;;0;;0;;0;;0;;0;;0;;1;;0;;0;;0;;0;;0;;0;;0;;0;;0;;0;;0;;0;;0
1;;0;;22;;Foreplay Fridays @ Play Lounge;;0;;1;;0;;1;;1;;0;;0;;0;;0;;0;;0;;0;;1;;0;;0;;0;;0;;0;;0;;0;;0;;0;;0;;0;;0;;0;;0;;0;;0;;0;;0;;0
1;;1;;23;;FREE FASHION SHOW - FASHION ON THE HUDSON 8 - 30 DESIGNERS;;1;;0;;0;;1;;1;;0;;0;;0;;1;;0;;0;;0;;0;;0;;0;;0;;0;;0;;0;;0;;0;;0;;0;;1;;0;;0;;0;;0;;0;;0;;0;;0
1;;0;;24;;"Edward Scissorhands": A Free 25th Anniversary Screening;;0;;1;;0;;1;;1;;0;;0;;0;;1;;0;;0;;0;;0;;0;;0;;0;;0;;0;;0;;0;;0;;0;;0;;0;;0;;0;;0;;0;;0;;0;;0;;1
1;;1;;25;;Certified Saturdays @ Milk River;;0;;1;;1;;0;;1;;0;;0;;0;;0;;0;;0;;0;;1;;0;;0;;0;;0;;0;;0;;0;;0;;0;;0;;0;;0;;0;;0;;0;;0;;0;;0;;0
1;;0;;26;;@ThingsExpo;;0;;1;;1;;0;;1;;0;;0;;0;;1;;0;;0;;0;;0;;0;;0;;0;;0;;0;;0;;0;;0;;0;;0;;0;;0;;0;;0;;1;;0;;0;;0;;0
1;;1;;27;;CHAMPAGNE CAMPAIGN at Milk River in Fun City Brooklyn with Bobby Trendz & DJ BIG REEF RSVP now to the link Below;;0;;1;;0;;1;;1;;0;;0;;0;;0;;0;;1;;0;;0;;0;;0;;0;;0;;1;;0;;0;;0;;0;;0;;0;;0;;0;;0;;0;;0;;0;;0;;0
1;;0;;28;;Brunch & Dinner | Sun Dec 27th at Milk River Everyone free with Rsvp #76;;0;;1;;0;;1;;0;;1;;0;;0;;0;;0;;1;;0;;0;;0;;0;;0;;0;;1;;0;;0;;0;;0;;0;;0;;0;;0;;0;;0;;0;;0;;0;;0
1;;0;;29;;National Immigrant Integration Conference (NIIC) 2015;;0;;1;;0;;1;;1;;0;;0;;0;;0;;0;;1;;0;;0;;0;;0;;0;;0;;0;;0;;0;;0;;0;;1;;0;;0;;0;;0;;0;;0;;0;;0;;0
1;;0;;30;;NAUGHTY SANTA;;0;;1;;1;;0;;1;;0;;0;;0;;0;;0;;0;;0;;1;;0;;0;;0;;0;;0;;0;;0;;0;;0;;0;;0;;0;;0;;0;;0;;0;;0;;0;;0
1;;1;;31;;NYC Real Estate Investor Orientation;;1;;0;;0;;1;;1;;0;;0;;0;;1;;0;;0;;0;;0;;1;;0;;0;;0;;0;;0;;0;;0;;0;;0;;0;;0;;0;;0;;0;;0;;0;;0;;0
1;;0;;32;;HANGOVER FRIDAYS at ESavoy Lounge | Every fr33 #Eat. #Drink. #Party. 73;;0;;1;;0;;1;;0;;1;;0;;0;;0;;0;;1;;0;;1;;0;;0;;0;;0;;0;;0;;0;;0;;0;;0;;0;;0;;0;;0;;0;;0;;0;;0;;0
1;;0;;33;;ULTRA FRIDAYS NYC (LADIES FREE ALL NIGHT W/ PASS @ SANTOS PARTY HOUSE;;0;;1;;1;;0;;1;;0;;0;;0;;1;;0;;0;;0;;0;;0;;1;;0;;0;;0;;0;;0;;0;;0;;0;;0;;0;;0;;0;;0;;0;;0;;0;;0
1;;0;;34;;NGO CSW Forum, CSW 60;;0;;1;;0;;1;;1;;0;;0;;0;;1;;0;;0;;0;;0;;0;;1;;0;;0;;0;;0;;0;;0;;0;;0;;0;;0;;0;;0;;0;;0;;0;;0;;0
1;;0;;35;;FUGLY the Ugly Sweater Party!;;0;;1;;0;;1;;1;;0;;0;;0;;0;;0;;1;;0;;0;;0;;0;;0;;0;;0;;0;;0;;0;;0;;0;;0;;0;;1;;0;;0;;0;;0;;0;;0
1;;1;;36;;Adult Mental Health First Aid Training;;0;;1;;1;;0;;1;;0;;0;;0;;0;;0;;0;;0;;0;;0;;0;;0;;1;;0;;0;;0;;0;;0;;0;;0;;0;;0;;0;;0;;0;;0;;0;;0
1;;1;;37;;"Clue": A 30th Anniversary Screening in 35mm Film;;0;;1;;0;;1;;1;;0;;0;;0;;1;;0;;0;;0;;0;;0;;0;;0;;0;;0;;0;;0;;0;;0;;0;;0;;0;;0;;0;;0;;0;;0;;0;;1
1;;0;;38;;ATWYS/NYSN New & Existing Member Happy Hour;;0;;1;;0;;1;;0;;1;;0;;0;;1;;0;;0;;0;;0;;0;;0;;0;;0;;1;;0;;0;;0;;0;;0;;0;;0;;0;;0;;0;;0;;0;;0;;0
1;;1;;39;;Digital DUMBO "Holiday Bash + 2min Agency Showcase" Presented by Q;;1;;0;;0;;1;;1;;0;;0;;0;;0;;0;;1;;0;;0;;1;;0;;0;;0;;0;;0;;0;;0;;0;;0;;0;;0;;0;;0;;0;;0;;0;;0;;0
1;;0;;40;;New Jack Shit;;0;;1;;1;;0;;1;;0;;0;;0;;0;;0;;1;;0;;1;;0;;0;;0;;0;;0;;0;;0;;0;;0;;0;;0;;0;;0;;0;;0;;0;;0;;0;;0
1;;0;;41;;BangOn!NYC presents: New Year's Eve 2016 "Time & Space" w/ Justin Martin, Kill Frenzy, and Brenmar;;1;;0;;0;;1;;0;;0;;0;;1;;0;;0;;1;;0;;1;;0;;0;;0;;0;;0;;0;;0;;0;;0;;0;;0;;0;;0;;0;;0;;0;;0;;0;;0
1;;1;;42;;A Royal Evening with the Crown Prince of Italy & Carnival Ball;;1;;0;;0;;1;;1;;0;;0;;0;;1;;0;;0;;0;;0;;0;;0;;0;;0;;0;;0;;0;;0;;0;;0;;0;;0;;1;;0;;0;;0;;0;;0;;0
1;;1;;43;;FRIDAY NIGHT SKY ROOM;;0;;1;;0;;1;;1;;0;;0;;0;;1;;0;;0;;0;;1;;0;;0;;0;;0;;0;;0;;0;;0;;0;;0;;0;;0;;0;;0;;0;;0;;0;;0;;0
1;;0;;44;;Caribbean Holiday House Party;;0;;1;;0;;1;;1;;0;;0;;0;;0;;0;;1;;0;;0;;0;;0;;0;;0;;0;;0;;1;;0;;0;;0;;0;;0;;0;;0;;0;;0;;0;;0;;0
1;;1;;45;;The Night Show;;0;;1;;0;;1;;1;;0;;0;;0;;1;;0;;0;;0;;1;;0;;0;;0;;0;;0;;0;;0;;0;;0;;0;;0;;0;;0;;0;;0;;0;;0;;0;;0
1;;0;;46;;DevOps Summit;;0;;1;;1;;0;;1;;0;;0;;0;;1;;0;;0;;0;;0;;0;;0;;0;;0;;0;;0;;0;;0;;0;;0;;0;;0;;0;;0;;1;;0;;0;;0;;0
1;;0;;47;;Private Gallery Wine Social With Ice Breakers & Open Wine Bar;;1;;0;;0;;1;;1;;0;;0;;0;;1;;0;;0;;0;;0;;0;;0;;0;;0;;1;;0;;0;;0;;0;;0;;0;;0;;0;;0;;0;;0;;0;;0;;0
1;;1;;48;;Soca In Soho Christmas Fete;;0;;1;;0;;1;;1;;0;;0;;0;;1;;0;;0;;0;;1;;0;;0;;0;;0;;0;;0;;0;;0;;0;;0;;0;;0;;0;;0;;0;;0;;0;;0;;0
1;;1;;49;;Thursday Dec 31st New Year's Eve at Lust NY Everyone free before 12 with Rsvp link Below;;1;;0;;0;;1;;1;;0;;0;;0;;0;;0;;1;;0;;1;;0;;0;;0;;0;;0;;0;;0;;0;;0;;0;;0;;0;;0;;0;;0;;0;;0;;0;;0
1;;1;;50;;Cloud Expo New York;;0;;1;;1;;0;;1;;0;;0;;0;;1;;0;;0;;0;;0;;0;;0;;0;;0;;0;;0;;0;;0;;0;;0;;0;;0;;0;;0;;1;;0;;0;;0;;0
1;;1;;140;;Oedipus on the Beach;;1;;0;;0;;1;;1;;0;;0;;0;;0;;0;;0;;0;;0;;0;;0;;1;;0;;0;;0;;0;;0;;0;;0;;0;;0;;0;;0;;0;;0;;0;;0;;0
1;;0;;141;;2nd Christmas Extravaganza - The Polar Express 10AM;;0;;1;;1;;0;;1;;0;;0;;0;;0;;1;;0;;0;;1;;0;;0;;0;;0;;0;;0;;0;;0;;0;;0;;0;;0;;0;;0;;0;;0;;0;;0;;0
1;;1;;142;;Team Hunt-NYU InnoVention 2016;;1;;0;;0;;1;;1;;0;;0;;0;;1;;0;;0;;0;;0;;0;;0;;0;;0;;0;;0;;0;;0;;0;;0;;0;;0;;0;;0;;1;;0;;0;;0;;0
1;;1;;143;;The Ugly Sweater;;0;;1;;0;;1;;1;;0;;0;;0;;0;;0;;0;;0;;1;;0;;0;;0;;0;;0;;0;;0;;0;;0;;0;;0;;0;;0;;0;;0;;0;;0;;0;;0
1;;1;;144;;She Loves Me, Still: A Roundabout 50th Anniversary Celebration of a Bock and Harnick Gem;;0;;1;;0;;1;;1;;0;;0;;0;;1;;0;;0;;0;;0;;0;;0;;1;;0;;0;;0;;0;;0;;0;;0;;0;;0;;0;;0;;0;;0;;0;;0;;0
1;;1;;145;;Majah Hype Birthday Comedy Tour -Bronx ,New York;;0;;1;;0;;1;;0;;0;;1;;0;;0;;0;;0;;0;;0;;0;;0;;0;;0;;0;;0;;0;;0;;0;;0;;0;;0;;0;;0;;0;;0;;0;;0;;1
1;;1;;146;;Majah Hype Birthday Comedy Tour -Brooklyn, New York;;0;;1;;0;;1;;0;;0;;1;;0;;0;;0;;0;;0;;0;;0;;0;;0;;0;;0;;0;;0;;0;;0;;0;;0;;0;;0;;0;;0;;0;;0;;0;;1
1;;1;;147;;New Commission Opening; Anemoticon Winter Garden and Emotional Clock by Artist Esmeralda Kosmatopoulos;;0;;1;;0;;1;;1;;0;;0;;0;;1;;0;;0;;0;;0;;0;;0;;1;;0;;0;;0;;0;;0;;0;;0;;0;;0;;0;;0;;0;;0;;0;;0;;0
1;;1;;148;;Mommiepreneur 1st Annual Toy Drive;;0;;1;;0;;1;;1;;0;;0;;0;;0;;0;;0;;0;;0;;0;;0;;0;;0;;0;;0;;0;;0;;0;;1;;0;;0;;0;;0;;0;;0;;0;;0;;0
1;;1;;149;;One Facet of Me;;0;;1;;0;;1;;1;;0;;0;;0;;1;;0;;0;;0;;0;;1;;0;;0;;0;;0;;0;;0;;0;;0;;0;;0;;0;;0;;0;;0;;0;;0;;0;;0
1;;1;;150;;NYSoM WINTER WONDERLAND;;0;;1;;0;;1;;1;;0;;0;;0;;1;;0;;0;;0;;0;;0;;0;;0;;0;;0;;0;;0;;0;;0;;0;;0;;0;;1;;0;;0;;0;;0;;0;;0
1;;1;;151;;USCNY Annual Holiday Party 2015;;0;;1;;0;;1;;1;;0;;0;;0;;1;;0;;0;;0;;0;;1;;0;;0;;0;;0;;0;;0;;0;;0;;0;;0;;0;;0;;0;;0;;0;;0;;0;;0
1;;1;;152;;SOLD OUT - SHS Habitat For Humanity Gingerbread House Making (reminder none sold at event);;1;;0;;0;;1;;1;;0;;0;;0;;0;;0;;0;;0;;0;;0;;0;;0;;0;;0;;0;;0;;0;;0;;1;;0;;0;;0;;0;;0;;0;;0;;0;;0
1;;1;;153;;The 41-74 Club of New York Holiday Luncheon & Fundraiser;;1;;0;;0;;1;;0;;0;;0;;1;;1;;0;;0;;0;;0;;0;;0;;0;;0;;1;;0;;0;;0;;0;;0;;0;;0;;0;;0;;0;;0;;0;;0;;0
1;;1;;154;;NYC Entertainers Connect (networking showcase);;0;;1;;0;;1;;1;;0;;0;;0;;1;;0;;0;;0;;0;;0;;0;;0;;0;;0;;0;;0;;0;;0;;0;;0;;0;;0;;0;;0;;0;;0;;0;;1
1;;1;;155;;Holiday Party - December 2015;;1;;0;;0;;1;;0;;1;;0;;0;;1;;0;;0;;0;;0;;1;;0;;0;;0;;0;;0;;0;;0;;0;;0;;0;;0;;0;;0;;0;;0;;0;;0;;0
1;;1;;156;;HAMMERSTEIN BALLROOM NYC NEW YEARS EVE PARTY ADVANCE TICKETS with OPEN BAR;;1;;0;;0;;1;;1;;0;;0;;0;;1;;0;;0;;0;;1;;0;;0;;0;;0;;0;;0;;0;;0;;0;;0;;0;;0;;0;;0;;0;;0;;0;;0;;0
1;;1;;157;;Youth Mental Health First Aid Training;;0;;1;;0;;1;;1;;0;;0;;0;;0;;0;;0;;0;;0;;0;;0;;0;;1;;0;;0;;0;;0;;0;;0;;0;;0;;0;;0;;0;;0;;0;;0;;0
1;;1;;158;;Cities Building Community Wealth;;1;;0;;0;;1;;1;;0;;0;;0;;0;;0;;0;;0;;0;;0;;1;;0;;0;;0;;0;;0;;0;;0;;0;;0;;0;;0;;0;;0;;0;;0;;0;;0
1;;1;;159;;Liberty Christmas Production;;0;;1;;0;;1;;1;;0;;0;;0;;1;;0;;0;;0;;0;;0;;0;;0;;0;;0;;0;;0;;0;;0;;0;;0;;0;;1;;0;;0;;0;;0;;0;;0
1;;1;;160;;World Famous New Years Eve 2016 in Times Square - Steps From The Ball Drop!;;1;;0;;0;;1;;0;;0;;0;;1;;1;;0;;0;;0;;0;;0;;0;;0;;0;;0;;0;;0;;0;;0;;0;;0;;0;;1;;0;;0;;0;;0;;0;;0
1;;1;;161;;Faculty and Staff Annual Christmas Gift Collection;;0;;1;;0;;1;;1;;0;;0;;0;;0;;1;;0;;0;;0;;0;;0;;0;;0;;0;;0;;0;;0;;0;;1;;0;;0;;0;;0;;0;;0;;0;;0;;0
1;;1;;162;;Patron & Pancakes UGLY CHRISTMAS Sweater Brunch;;0;;1;;0;;1;;1;;0;;0;;0;;1;;0;;0;;0;;0;;0;;0;;0;;0;;1;;0;;0;;0;;0;;0;;0;;0;;0;;0;;0;;0;;0;;0;;0
1;;1;;163;;SOCA Resolution "I Promise to Soca this year";;1;;0;;1;;0;;1;;0;;0;;0;;1;;0;;0;;0;;1;;0;;0;;0;;0;;0;;0;;0;;0;;0;;0;;0;;0;;0;;0;;0;;0;;0;;0;;0
1;;1;;164;;Ultimate Cheer & Dance NYC;;0;;1;;1;;0;;0;;1;;0;;0;;1;;0;;0;;0;;0;;0;;0;;0;;0;;0;;1;;0;;0;;0;;0;;0;;0;;0;;0;;0;;0;;0;;0;;0
1;;1;;165;;Breakfast with Santa;;0;;1;;1;;0;;1;;0;;0;;0;;0;;1;;0;;0;;0;;0;;0;;0;;0;;0;;0;;0;;0;;0;;1;;0;;0;;0;;0;;0;;0;;0;;0;;0
1;;1;;166;;2016 USA Trade Tasting - Exhibitor Registration Portal;;0;;1;;1;;0;;0;;1;;0;;0;;1;;0;;0;;0;;0;;0;;0;;0;;0;;1;;0;;0;;0;;0;;0;;0;;0;;0;;0;;0;;0;;0;;0;;0
1;;1;;167;;BRIC FLIX: caribBEING Film Fest;;1;;0;;0;;1;;1;;0;;0;;0;;0;;0;;1;;0;;0;;0;;0;;0;;0;;0;;0;;0;;0;;0;;0;;0;;0;;0;;0;;0;;0;;0;;0;;1
1;;1;;168;;Children & Teen Christmas Extravaganza;;0;;1;;0;;1;;1;;0;;0;;0;;0;;0;;0;;0;;0;;0;;0;;0;;0;;0;;0;;0;;0;;0;;0;;0;;0;;1;;0;;0;;0;;0;;0;;0
1;;1;;169;;Waterfront Alliance Annual Holiday Party;;1;;0;;0;;1;;1;;0;;0;;0;;1;;0;;0;;0;;0;;0;;0;;0;;0;;0;;0;;0;;0;;0;;1;;0;;0;;0;;0;;0;;0;;0;;0;;0
1;;1;;170;;WINTER ON THE ROOF;;0;;1;;0;;1;;1;;0;;0;;0;;0;;0;;0;;0;;0;;0;;0;;0;;0;;1;;0;;0;;0;;0;;0;;0;;0;;0;;0;;0;;0;;0;;0;;0
1;;1;;171;;#FIA84 Anniversary College Party @ Copacabana NYC 18+;;1;;0;;0;;1;;0;;1;;0;;0;;1;;0;;0;;0;;1;;0;;0;;0;;0;;0;;0;;0;;0;;0;;0;;0;;0;;0;;0;;0;;0;;0;;0;;0
1;;1;;172;;FREE DRINKS & Open Bar 6 Pack at Brit Pack;;0;;1;;0;;1;;1;;0;;0;;0;;1;;0;;0;;0;;0;;0;;0;;1;;0;;0;;0;;0;;0;;0;;0;;0;;0;;0;;0;;0;;0;;0;;0;;0
1;;1;;173;;5th Anniversary Silver & Gold Winter Party;;1;;0;;0;;1;;0;;1;;0;;0;;1;;0;;0;;0;;0;;0;;0;;0;;0;;0;;0;;0;;0;;0;;1;;0;;0;;0;;0;;0;;0;;0;;0;;0
1;;1;;174;;EXCISION PRESENTS THE PARADOX 2016 TOUR - NYC SHOW 2;;0;;1;;0;;1;;0;;0;;1;;0;;1;;0;;0;;0;;1;;0;;0;;0;;0;;0;;0;;0;;0;;0;;0;;0;;0;;0;;0;;0;;0;;0;;0;;0
1;;1;;175;;NIPONY Annual Shabe Yalda Celebration featuring DJ Taba of Radio Javan;;0;;1;;0;;1;;1;;0;;0;;0;;1;;0;;0;;0;;0;;0;;0;;0;;0;;0;;0;;0;;0;;0;;0;;0;;0;;1;;0;;0;;0;;0;;0;;0
1;;1;;176;;NYC Hot Sauce Expo 2016;;1;;0;;1;;0;;0;;1;;0;;0;;0;;0;;0;;0;;0;;0;;0;;0;;0;;1;;0;;0;;0;;0;;0;;0;;0;;0;;0;;0;;0;;0;;0;;0
1;;1;;177;;Puppies n' Pints Christmas: A Rescue-Focused Happy Hour;;0;;1;;0;;1;;1;;0;;0;;0;;0;;0;;1;;0;;0;;0;;0;;0;;0;;0;;0;;0;;0;;0;;1;;0;;0;;0;;0;;0;;0;;0;;0;;0
1;;1;;178;;MATZOBALL® ages 21-39 NYC December 24, 2015;;1;;0;;0;;1;;0;;0;;1;;0;;1;;0;;0;;0;;1;;0;;0;;0;;0;;0;;0;;0;;0;;0;;0;;0;;0;;0;;0;;0;;0;;0;;0;;0
1;;1;;179;;MST3K: THE FINAL COUNTDOWN;;0;;1;;0;;1;;1;;0;;0;;0;;0;;0;;1;;0;;0;;0;;0;;0;;0;;0;;0;;0;;0;;0;;0;;0;;0;;0;;0;;0;;0;;0;;0;;1
1;;0;;180;;Exit '15: The Last Happy Hour;;1;;0;;0;;1;;1;;0;;0;;0;;1;;0;;0;;0;;1;;0;;0;;0;;0;;0;;0;;0;;0;;0;;0;;0;;0;;0;;0;;0;;0;;0;;0;;0
1;;0;;181;;Dec 11th Manolo Rose featuring French Montana Super Flexin for SpotLight Fridays at Lust NY w/ Hot97 Dj Drewski ,True Blends Everyone Fr33 w/Rsvp now!;;0;;1;;0;;1;;1;;0;;0;;0;;0;;0;;1;;0;;1;;0;;0;;0;;0;;0;;0;;0;;0;;0;;0;;0;;0;;0;;0;;0;;0;;0;;0;;0
1;;0;;182;;The Stoop Series: Susie Ibarra performs Madre Selva;;1;;0;;0;;1;;1;;0;;0;;0;;0;;0;;1;;0;;1;;0;;0;;0;;0;;0;;0;;0;;0;;0;;0;;0;;0;;0;;0;;0;;0;;0;;0;;0
1;;0;;183;;A Royale Extravaganza * Royalty * (Melly Banks Bday / VIvA Homecoming) #FriDec18th @CafeOmar;;0;;1;;1;;0;;1;;0;;0;;0;;0;;0;;1;;0;;0;;0;;0;;0;;0;;1;;0;;0;;0;;0;;0;;0;;0;;0;;0;;0;;0;;0;;0;;0
1;;0;;184;;The 40/40 Club New Years Eve Bash - 2016;;1;;0;;0;;1;;0;;0;;1;;0;;1;;0;;0;;0;;0;;0;;0;;0;;0;;1;;0;;0;;0;;0;;0;;0;;0;;0;;0;;0;;0;;0;;0;;0
1;;0;;185;;"SHE"   A Photo Exhibit by Walter Miller;;0;;1;;0;;1;;1;;0;;0;;0;;0;;0;;1;;0;;0;;0;;0;;1;;0;;0;;0;;0;;0;;0;;0;;0;;0;;0;;0;;0;;0;;0;;0;;0
1;;0;;186;;Dissecting Light: A Conversation and Demonstration with Lighting Designer Beverly Emmons;;0;;1;;1;;0;;1;;0;;0;;0;;0;;0;;0;;0;;0;;0;;0;;1;;0;;0;;0;;0;;0;;0;;0;;0;;0;;0;;0;;0;;0;;0;;0;;0
1;;0;;187;;Vodka Latke Hanukkah Soiree 2015;;0;;1;;0;;1;;0;;0;;1;;0;;1;;0;;0;;0;;0;;0;;0;;0;;0;;0;;0;;0;;1;;0;;0;;0;;0;;0;;0;;0;;0;;0;;0;;0
1;;0;;188;;REVOLUTIONARY LOVE: Tools, Tactics, and Truth-Telling for Dismantling Racism;;1;;0;;1;;0;;1;;0;;0;;0;;1;;0;;0;;0;;0;;0;;0;;0;;0;;0;;0;;0;;0;;1;;0;;0;;0;;0;;0;;0;;0;;0;;0;;0
1;;0;;189;;#LearnGrowRepeat in 2016: Continuing Education Expo;;0;;1;;0;;1;;1;;0;;0;;0;;1;;0;;0;;0;;0;;0;;0;;0;;0;;0;;0;;1;;0;;0;;0;;0;;0;;0;;0;;0;;0;;0;;0;;0
1;;0;;190;;CPS Spring 2016 FREE OPEN HOUSE;;1;;0;;1;;0;;1;;0;;0;;0;;1;;0;;0;;0;;0;;0;;0;;0;;0;;0;;0;;1;;0;;0;;0;;0;;0;;0;;0;;0;;0;;0;;0;;0
1;;0;;191;;The Yacht Week Caribbean Brunch;;0;;1;;0;;1;;0;;1;;0;;0;;1;;0;;0;;0;;0;;0;;0;;0;;0;;0;;0;;0;;1;;0;;0;;0;;0;;0;;0;;0;;0;;0;;0;;0
1;;0;;192;;New York StartUp Business Plan Competition Orientation @ SIBL;;0;;1;;0;;1;;1;;0;;0;;0;;1;;0;;0;;0;;0;;1;;0;;0;;0;;0;;0;;0;;0;;0;;0;;0;;0;;0;;0;;0;;0;;0;;0;;0
1;;0;;193;;Peacock Alley New Year's Eve Celebration at the Waldorf Astoria;;1;;0;;0;;1;;0;;0;;0;;1;;1;;0;;0;;0;;0;;0;;0;;0;;0;;1;;0;;0;;0;;0;;0;;0;;0;;0;;0;;0;;0;;0;;0;;0
1;;0;;194;;SmokenBrunch 2;;0;;1;;0;;1;;1;;0;;0;;0;;1;;0;;0;;0;;1;;0;;0;;0;;0;;0;;0;;0;;0;;0;;0;;0;;0;;0;;0;;0;;0;;0;;0;;0
1;;1;;195;;8th Annual Holiday Loft Party;;0;;1;;0;;1;;0;;0;;0;;1;;1;;0;;0;;0;;0;;0;;0;;0;;0;;0;;0;;0;;0;;0;;1;;0;;0;;0;;0;;0;;0;;0;;0;;0
1;;0;;196;;#TheBrunchClub Day Party;;0;;1;;0;;1;;1;;0;;0;;0;;1;;0;;0;;0;;0;;0;;0;;0;;0;;1;;0;;0;;0;;0;;0;;0;;0;;0;;0;;0;;0;;0;;0;;0
1;;0;;197;;What's Moving in New York Seminar by Skygroup;;0;;1;;0;;1;;1;;0;;0;;0;;0;;0;;0;;0;;0;;1;;0;;0;;0;;0;;0;;0;;0;;0;;0;;0;;0;;0;;0;;0;;0;;0;;0;;0
1;;0;;198;;Sri Amma Bhagavan Sacred Chambers, Aberdeen/Matawan, New Jersey;;1;;0;;0;;1;;1;;0;;0;;0;;0;;1;;0;;0;;0;;0;;0;;0;;0;;0;;0;;0;;0;;1;;0;;0;;0;;0;;0;;0;;0;;0;;0;;0
1;;1;;199;;Montclair Food & Wine Festival - Frost Bites;;1;;0;;0;;1;;1;;0;;0;;0;;0;;1;;0;;0;;0;;0;;0;;0;;0;;1;;0;;0;;0;;0;;0;;0;;0;;0;;0;;0;;0;;0;;0;;0
1;;0;;200;;#ToastNYE • Annual New Year's Eve Ball;;1;;0;;0;;1;;1;;0;;0;;0;;0;;0;;0;;0;;0;;0;;0;;0;;0;;1;;0;;0;;0;;0;;0;;0;;0;;0;;0;;0;;0;;0;;0;;0
1;;0;;3941;;Usui Reiki Level 2;;0;;1;;0;;1;;1;;0;;0;;0;;0;;0;;1;;0;;0;;0;;0;;0;;0;;0;;0;;0;;0;;1;;0;;0;;0;;0;;0;;0;;0;;0;;0;;0
1;;0;;3942;;The Amazing Holiday Scavenger Hunt;;0;;1;;0;;1;;1;;0;;0;;0;;1;;0;;0;;0;;0;;0;;0;;0;;0;;0;;0;;0;;0;;0;;0;;0;;0;;1;;0;;0;;0;;0;;0;;0
1;;0;;3943;;Natural Oils used in Perfumery Introductory Course with NOVA Perfumer Julia Zangrilli;;0;;1;;0;;1;;1;;0;;0;;0;;1;;0;;0;;0;;0;;0;;0;;0;;0;;0;;0;;0;;0;;0;;0;;1;;0;;0;;0;;0;;0;;0;;0;;0
1;;0;;3944;;CELEBRATE YOU.;;0;;1;;0;;1;;0;;1;;0;;0;;1;;0;;0;;0;;0;;0;;1;;0;;0;;0;;0;;0;;0;;0;;0;;0;;0;;0;;0;;0;;0;;0;;0;;0
1;;0;;3945;;Santa Baby The Black & White Affair;;0;;1;;0;;1;;1;;0;;0;;0;;0;;0;;1;;0;;0;;0;;0;;0;;0;;0;;0;;0;;0;;0;;0;;0;;0;;1;;0;;0;;0;;0;;0;;0
1;;1;;3946;;The Passion Project;;0;;1;;0;;1;;0;;0;;1;;0;;1;;0;;0;;0;;0;;1;;0;;0;;0;;0;;0;;0;;0;;0;;0;;0;;0;;0;;0;;0;;0;;0;;0;;0
1;;0;;3947;;Many Sounds of Christmas;;0;;1;;0;;1;;1;;0;;0;;0;;1;;0;;0;;0;;0;;0;;0;;1;;0;;0;;0;;0;;0;;0;;0;;0;;0;;0;;0;;0;;0;;0;;0;;0
1;;0;;3948;;Noctem presents BIOME [M.U.D // Tempa // Deep Heads, UK] w/ SUBSET & more;;0;;1;;0;;1;;1;;0;;0;;0;;0;;0;;1;;0;;1;;0;;0;;0;;0;;0;;0;;0;;0;;0;;0;;0;;0;;0;;0;;0;;0;;0;;0;;0
1;;0;;3949;;Vision Board Party Hosted by Tionna Smalls;;0;;1;;0;;1;;0;;0;;1;;0;;0;;0;;1;;0;;0;;1;;0;;0;;0;;0;;0;;0;;0;;0;;0;;0;;0;;0;;0;;0;;0;;0;;0;;0
1;;1;;3950;;Holiday Glam at The Brunch Room;;0;;1;;0;;1;;1;;0;;0;;0;;1;;0;;0;;0;;0;;0;;0;;0;;0;;0;;0;;0;;0;;0;;0;;1;;0;;0;;0;;0;;0;;0;;0;;0
1;;0;;3951;;In A Nutshell; "Welcome to New York Suite-y!";;0;;1;;0;;1;;1;;0;;0;;0;;1;;0;;0;;0;;0;;0;;0;;1;;0;;0;;0;;0;;0;;0;;0;;0;;0;;0;;0;;0;;0;;0;;0;;0
1;;0;;3952;;Sacred Sunday Solstice Edition;;0;;1;;0;;1;;1;;0;;0;;0;;1;;0;;0;;0;;0;;0;;0;;0;;0;;0;;0;;0;;1;;0;;0;;0;;0;;0;;0;;0;;0;;0;;0;;0
1;;1;;3953;;Christmas Concert with Jim Ridl/Nate Birkey Jazz Quartet and UCBR Choirs;;0;;1;;0;;1;;1;;0;;0;;0;;0;;0;;1;;0;;1;;0;;0;;0;;0;;0;;0;;0;;0;;0;;0;;0;;0;;0;;0;;0;;0;;0;;0;;0
1;;0;;3954;;SMOKE-N-BRUNCH;;0;;1;;0;;1;;1;;0;;0;;0;;1;;0;;0;;0;;0;;0;;0;;0;;0;;1;;0;;0;;0;;0;;0;;0;;0;;0;;0;;0;;0;;0;;0;;0
1;;0;;3955;;SMOKE-N-BRUNCH;;0;;1;;0;;1;;1;;0;;0;;0;;1;;0;;0;;0;;0;;0;;0;;0;;0;;1;;0;;0;;0;;0;;0;;0;;0;;0;;0;;0;;0;;0;;0;;0
1;;0;;3956;;Windup Circus - Secret Speakeasy;;0;;1;;0;;1;;1;;0;;0;;0;;1;;0;;0;;0;;0;;0;;0;;0;;0;;0;;0;;0;;0;;0;;0;;0;;0;;0;;0;;0;;0;;0;;0;;1
1;;1;;3957;;CHRISTMAS DANCE SHOW;;0;;1;;0;;1;;1;;0;;0;;0;;0;;0;;1;;0;;0;;0;;0;;1;;0;;0;;0;;0;;0;;0;;0;;0;;0;;0;;0;;0;;0;;0;;0;;0
1;;0;;3958;;ANNUAL STRIKES & SPARES FOR CHILDREN WE CARE TOY DRIVE;;0;;1;;0;;1;;1;;0;;0;;0;;1;;0;;0;;0;;0;;0;;0;;0;;0;;0;;0;;0;;0;;0;;1;;0;;0;;0;;0;;0;;0;;0;;0;;0
1;;0;;3959;;IJCSL Comedy Series | Afterwork Comedy Show;;0;;1;;0;;1;;1;;0;;0;;0;;0;;0;;1;;0;;0;;0;;0;;0;;0;;0;;0;;0;;0;;0;;0;;0;;0;;0;;0;;0;;0;;0;;0;;1
1;;1;;3960;;PARTY FOR A PURPOSE! Silent Disco for Families, Kids & Teens!;;0;;1;;0;;1;;1;;0;;0;;0;;1;;0;;0;;0;;0;;0;;0;;0;;0;;0;;0;;0;;0;;0;;0;;0;;1;;0;;0;;0;;0;;0;;0;;0
1;;0;;3961;;AMIGOS NYC Happy Hours;;0;;1;;0;;1;;1;;0;;0;;0;;1;;0;;0;;0;;0;;0;;0;;0;;0;;0;;0;;0;;1;;0;;0;;0;;0;;0;;0;;0;;0;;0;;0;;0
1;;1;;3962;;Empress Idama & Kefentse LIve with the Imperial Band;;0;;1;;0;;1;;1;;0;;0;;0;;0;;0;;1;;0;;1;;0;;0;;0;;0;;0;;0;;0;;0;;0;;0;;0;;0;;0;;0;;0;;0;;0;;0;;0
1;;0;;3963;;Stonewall, Crimson Kitty & Erika Klash Present: Drag Me To Austin! A Benefit for the Austin International Drag Festival!;;0;;1;;0;;1;;1;;0;;0;;0;;1;;0;;0;;0;;0;;0;;0;;1;;0;;0;;0;;0;;0;;0;;0;;0;;0;;0;;0;;0;;0;;0;;0;;0
1;;0;;3964;;Chridtmas at Sndaz;;0;;1;;1;;0;;1;;0;;0;;0;;0;;0;;0;;0;;0;;0;;0;;0;;0;;0;;0;;1;;0;;0;;0;;0;;0;;0;;0;;0;;0;;0;;0;;0
1;;0;;3965;;Brazilian Night with Davi Vieira at Club Bonafide;;0;;1;;0;;1;;1;;0;;0;;0;;1;;0;;0;;0;;1;;0;;0;;0;;0;;0;;0;;0;;0;;0;;0;;0;;0;;0;;0;;0;;0;;0;;0;;0
1;;0;;3966;;Holiday Wishes!;;0;;1;;1;;0;;1;;0;;0;;0;;1;;0;;0;;0;;0;;1;;0;;0;;0;;0;;0;;0;;0;;0;;0;;0;;0;;0;;0;;0;;0;;0;;0;;0
1;;0;;3967;;Weight Loss Boot Camp;;0;;1;;1;;0;;0;;0;;1;;0;;0;;0;;0;;0;;0;;0;;0;;0;;1;;0;;0;;0;;0;;0;;0;;0;;0;;0;;0;;0;;0;;0;;0;;0
1;;0;;3968;;HSAPPA 01: Using the School Quality Guide for Evaluation and Goal Setting;;0;;1;;1;;0;;1;;0;;0;;0;;0;;0;;0;;0;;0;;0;;0;;0;;0;;0;;0;;1;;0;;0;;0;;0;;0;;0;;0;;0;;0;;0;;0;;0
1;;0;;3969;;citifari - tour photo de Central Park;;0;;1;;1;;0;;0;;1;;0;;0;;1;;0;;0;;0;;0;;0;;0;;0;;0;;0;;0;;0;;0;;0;;0;;0;;0;;0;;1;;0;;0;;0;;0;;0
1;;0;;3970;;DDFL GIRLS GROUP;;0;;1;;0;;1;;1;;0;;0;;0;;1;;0;;0;;0;;0;;0;;0;;1;;0;;0;;0;;0;;0;;0;;0;;0;;0;;0;;0;;0;;0;;0;;0;;0
1;;1;;3971;;Science Fiction & Fantasy Book Club: The Lion, the Witch, and the Wardrobe Film and Book Discussion;;0;;1;;0;;1;;1;;0;;0;;0;;0;;1;;0;;0;;0;;0;;0;;0;;0;;0;;0;;0;;0;;0;;0;;0;;1;;0;;0;;0;;0;;0;;0;;0
1;;1;;3972;;A Career Ladder to Success in the Transportation Industry + A free Class-D Driver's Course;;0;;1;;0;;1;;1;;0;;0;;0;;0;;0;;1;;0;;0;;0;;1;;0;;0;;0;;0;;0;;0;;0;;0;;0;;0;;0;;0;;0;;0;;0;;0;;0
1;;1;;3973;;citifari - Tour Photo, New York de nuit;;0;;1;;0;;1;;0;;1;;0;;0;;1;;0;;0;;0;;0;;0;;0;;0;;0;;0;;0;;0;;0;;0;;0;;0;;0;;0;;1;;0;;0;;0;;0;;0
1;;1;;3974;;Soka Tribe NYC Class;;0;;1;;0;;1;;1;;0;;0;;0;;1;;0;;0;;0;;0;;0;;0;;0;;1;;0;;0;;0;;0;;0;;0;;0;;0;;0;;0;;0;;0;;0;;0;;0
1;;1;;3975;;Test event;;0;;1;;0;;1;;1;;0;;0;;0;;0;;0;;1;;0;;1;;0;;0;;0;;0;;0;;0;;0;;0;;0;;0;;0;;0;;0;;0;;0;;0;;0;;0;;0
1;;1;;3976;;ChoreoComp Showing;;0;;1;;0;;1;;1;;0;;0;;0;;1;;0;;0;;0;;0;;0;;0;;1;;0;;0;;0;;0;;0;;0;;0;;0;;0;;0;;0;;0;;0;;0;;0;;0
1;;1;;3977;;Bears vs. Lions;;0;;1;;0;;1;;0;;1;;0;;0;;1;;0;;0;;0;;0;;0;;0;;0;;0;;1;;0;;0;;0;;0;;0;;0;;0;;0;;0;;0;;0;;0;;0;;0
1;;1;;3978;;Screening - Yatra - the external, internal and secret journey - 12/21/2015;;0;;1;;0;;1;;1;;0;;0;;0;;1;;0;;0;;0;;0;;0;;1;;0;;0;;0;;0;;0;;0;;0;;0;;0;;0;;0;;0;;0;;0;;0;;0;;0
1;;1;;3979;;Modern Monday;;0;;1;;0;;1;;1;;0;;0;;0;;0;;1;;0;;0;;0;;0;;0;;0;;0;;0;;0;;0;;0;;0;;0;;0;;1;;0;;0;;0;;0;;0;;0;;0
1;;1;;3980;;OneTaste NYC: The I OM Talks with Nicole Daedone;;0;;1;;0;;1;;1;;0;;0;;0;;1;;0;;0;;0;;0;;0;;0;;0;;0;;0;;0;;0;;0;;0;;0;;0;;0;;0;;0;;0;;1;;0;;0;;0
1;;1;;3981;;citifari - tour photo de SOHO;;0;;1;;1;;0;;0;;1;;0;;0;;1;;0;;0;;0;;0;;0;;0;;0;;0;;0;;0;;0;;0;;0;;0;;0;;0;;0;;1;;0;;0;;0;;0;;0
1;;1;;3982;;One Medical Group - PS Yoga For Parent-Baby;;0;;1;;1;;0;;1;;0;;0;;0;;0;;0;;1;;0;;0;;0;;0;;0;;0;;0;;1;;0;;0;;0;;0;;0;;0;;0;;0;;0;;0;;0;;0;;0
1;;1;;3983;;One Medical Group - PS Yoga for Parent-Baby;;0;;1;;1;;0;;1;;0;;0;;0;;0;;0;;1;;0;;0;;0;;0;;0;;0;;0;;1;;0;;0;;0;;0;;0;;0;;0;;0;;0;;0;;0;;0;;0
1;;1;;3984;;Google Partners Power Lunch Online Marketing Review;;0;;1;;0;;1;;1;;0;;0;;0;;1;;0;;0;;0;;0;;1;;0;;0;;0;;0;;0;;0;;0;;0;;0;;0;;0;;0;;0;;0;;0;;0;;0;;0
1;;1;;3985;;citifari - Le Tour Photo Monuments de New York;;0;;1;;0;;1;;0;;1;;0;;0;;1;;0;;0;;0;;0;;0;;0;;0;;0;;0;;0;;0;;0;;0;;0;;0;;0;;0;;1;;0;;0;;0;;0;;0
1;;1;;3986;;CoEAST Everything You Need to Know to Start Writing That Play;;0;;1;;0;;1;;1;;0;;0;;0;;1;;0;;0;;0;;0;;0;;0;;1;;0;;0;;0;;0;;0;;0;;0;;0;;0;;0;;0;;0;;0;;0;;0;;0
1;;1;;3987;;OHEL Gala Dinner;;0;;1;;0;;1;;1;;0;;0;;0;;0;;0;;0;;0;;0;;0;;0;;0;;0;;0;;0;;0;;0;;0;;1;;0;;0;;0;;0;;0;;0;;0;;0;;0
1;;1;;3988;;Warhammer;;0;;1;;0;;1;;1;;0;;0;;0;;0;;1;;0;;0;;0;;0;;0;;0;;0;;0;;0;;0;;0;;0;;0;;0;;1;;0;;0;;0;;0;;0;;0;;0
1;;1;;3989;;Nordic Book Club - MemoRandom by Anders de la Motte;;0;;1;;0;;1;;1;;0;;0;;0;;1;;0;;0;;0;;0;;0;;0;;1;;0;;0;;0;;0;;0;;0;;0;;0;;0;;0;;0;;0;;0;;0;;0;;0
1;;1;;3990;;Magnolia Bakery: BYOB - Holiday Cupcakes & Wine!;;0;;1;;0;;1;;1;;0;;0;;0;;1;;0;;0;;0;;0;;0;;0;;0;;0;;1;;0;;0;;0;;0;;0;;0;;0;;0;;0;;0;;0;;0;;0;;0
1;;1;;3991;;Cherished Feet Holiday Party;;1;;0;;0;;1;;1;;0;;0;;0;;1;;0;;0;;0;;0;;0;;0;;0;;0;;0;;0;;0;;0;;0;;1;;0;;0;;0;;0;;0;;0;;0;;0;;0
1;;1;;3992;;Shake it all off! Active Meditation for Stress Release and Well-Being;;1;;0;;0;;1;;1;;0;;0;;0;;0;;0;;0;;0;;0;;0;;0;;0;;1;;0;;0;;0;;0;;0;;0;;0;;0;;0;;0;;0;;0;;0;;0;;0
1;;1;;3993;;Tatum Greenblatt at Club Bonafide;;1;;0;;0;;1;;1;;0;;0;;0;;1;;0;;0;;0;;1;;0;;0;;0;;0;;0;;0;;0;;0;;0;;0;;0;;0;;0;;0;;0;;0;;0;;0;;0
1;;1;;3994;;Oasis Test Event;;1;;0;;0;;1;;1;;0;;0;;0;;0;;0;;0;;0;;0;;0;;0;;0;;0;;0;;0;;0;;0;;0;;0;;1;;0;;0;;0;;0;;0;;0;;0;;0
1;;1;;3995;;B.B. KING BLUES CLUB ALL*STARS: THE HARLEM BLUES PROJECT - 7:30PM SHOW;;1;;0;;0;;1;;1;;0;;0;;0;;1;;0;;0;;0;;1;;0;;0;;0;;0;;0;;0;;0;;0;;0;;0;;0;;0;;0;;0;;0;;0;;0;;0;;0
1;;1;;3996;;Keema's 17th Birthday Bash;;1;;0;;0;;1;;1;;0;;0;;0;;0;;0;;0;;0;;0;;0;;1;;0;;0;;0;;0;;0;;0;;0;;0;;0;;0;;0;;0;;0;;0;;0;;0;;0
1;;1;;3997;;All I Want For Christmas is to #BLACKTAPTHAT;;1;;0;;0;;1;;1;;0;;0;;0;;1;;0;;0;;0;;0;;0;;0;;0;;0;;1;;0;;0;;0;;0;;0;;0;;0;;0;;0;;0;;0;;0;;0;;0
2;;0;;804;;Nutcracker Sweet;;0;;1;;1;;0;;1;;0;;0;;0;;1;;0;;0;;0;;0;;0;;0;;0;;0;;0;;0;;1;;0;;0;;0;;0;;0;;0;;0;;0;;0;;0;;0;;0
2;;0;;805;;CONCERT:  Debut Concert - Book of Questions;;0;;1;;0;;1;;0;;1;;0;;0;;1;;0;;0;;0;;0;;0;;0;;0;;0;;0;;0;;0;;1;;0;;0;;0;;0;;0;;0;;0;;0;;0;;0;;0
2;;0;;806;;HIMYM "Christmas & New Years Episodes" Trivia;;0;;1;;0;;1;;1;;0;;0;;0;;1;;0;;0;;0;;0;;0;;0;;0;;0;;0;;0;;0;;0;;0;;0;;0;;0;;0;;0;;0;;0;;0;;0;;1
2;;0;;807;;WHISPER NYC: NEW YEARS EVE BALL @ LEVEL 3 & CANTINA ROOFTOP - 4 HOUR OPEN BAR;;1;;0;;0;;1;;0;;0;;0;;1;;1;;0;;0;;0;;1;;0;;0;;0;;0;;0;;0;;0;;0;;0;;0;;0;;0;;0;;0;;0;;0;;0;;0;;0
2;;0;;808;;FREE BSC Fireside with Leslie Schultz, President of BRIC;;0;;1;;0;;1;;1;;0;;0;;0;;0;;0;;1;;0;;0;;1;;0;;0;;0;;0;;0;;0;;0;;0;;0;;0;;0;;0;;0;;0;;0;;0;;0;;0
2;;0;;809;;LIMITLESS MOVEMENTS CONFERENCE SERIES;;1;;0;;1;;0;;1;;0;;0;;0;;0;;0;;0;;0;;0;;0;;0;;0;;0;;0;;0;;0;;1;;0;;0;;0;;0;;0;;0;;0;;0;;0;;0;;0
2;;0;;810;;Identifying and Successfully Treating ADHD: What You Need to Know;;0;;1;;0;;1;;1;;0;;0;;0;;1;;0;;0;;0;;0;;0;;0;;0;;0;;0;;0;;1;;0;;0;;0;;0;;0;;0;;0;;0;;0;;0;;0;;0
2;;0;;811;;Neighborhood Concert: Slavic Soul Party!;;0;;1;;0;;1;;1;;0;;0;;0;;0;;0;;1;;0;;1;;0;;0;;0;;0;;0;;0;;0;;0;;0;;0;;0;;0;;0;;0;;0;;0;;0;;0;;0
2;;0;;812;;NJVA Dues for 2015;;1;;0;;0;;1;;1;;0;;0;;0;;0;;0;;0;;0;;0;;0;;0;;0;;0;;0;;0;;0;;0;;0;;0;;0;;1;;0;;0;;0;;0;;0;;0;;0
2;;0;;813;;CPAs: Building Authority & Growing Your Firm;;1;;0;;1;;0;;1;;0;;0;;0;;0;;1;;0;;0;;0;;1;;0;;0;;0;;0;;0;;0;;0;;0;;0;;0;;0;;0;;0;;0;;0;;0;;0;;0
2;;0;;814;;Everything You Ever Wanted to Know about P-Cards and More cohort B;;1;;0;;0;;1;;1;;0;;0;;0;;0;;0;;0;;0;;0;;0;;0;;0;;0;;0;;0;;1;;0;;0;;0;;0;;0;;0;;0;;0;;0;;0;;0;;0
2;;1;;815;;TLS Day 1 and Day 2 December 12th and 13th, 2015;;0;;1;;1;;0;;0;;0;;1;;0;;0;;1;;0;;0;;0;;0;;0;;0;;1;;0;;0;;0;;0;;0;;0;;0;;0;;0;;0;;0;;0;;0;;0;;0
2;;1;;816;;FREE WORKSHOP: Let's build an interactive city with urbacraft & littleBits!;;0;;1;;0;;1;;1;;0;;0;;0;;1;;0;;0;;0;;0;;0;;0;;0;;0;;0;;0;;1;;0;;0;;0;;0;;0;;0;;0;;0;;0;;0;;0;;0
2;;1;;817;;G50 Networking  Event;;0;;1;;0;;1;;1;;0;;0;;0;;0;;1;;0;;0;;0;;0;;0;;0;;0;;0;;0;;0;;0;;0;;0;;0;;0;;0;;0;;0;;0;;0;;0;;1
2;;1;;818;;ASA NYC Festive Holiday Dinner with Donald Palmieri;;0;;1;;0;;1;;0;;0;;0;;1;;1;;0;;0;;0;;0;;1;;0;;0;;0;;0;;0;;0;;0;;0;;0;;0;;0;;0;;0;;0;;0;;0;;0;;0
2;;1;;819;;MSQI Coordinator's Meeting #2 (Brooklyn);;1;;0;;1;;0;;1;;0;;0;;0;;0;;0;;1;;0;;0;;0;;1;;0;;0;;0;;0;;0;;0;;0;;0;;0;;0;;0;;0;;0;;0;;0;;0;;0
2;;1;;820;;NRS for Teachers: Making the Data Come Alive;;1;;0;;1;;0;;1;;0;;0;;0;;0;;0;;1;;0;;0;;1;;0;;0;;0;;0;;0;;0;;0;;0;;0;;0;;0;;0;;0;;0;;0;;0;;0;;0
2;;1;;821;;SIP + SNIFF HOLIDAY EVENT // SCENTS, BUBBLY & GORGEOUS SKIN FOR THE HOLIDAYS;;1;;0;;0;;1;;1;;0;;0;;0;;1;;0;;0;;0;;0;;0;;0;;0;;0;;0;;0;;0;;0;;0;;0;;1;;0;;0;;0;;0;;0;;0;;0;;0
2;;1;;822;;JFS Challah Project: Knead for a Cause;;1;;0;;0;;1;;1;;0;;0;;0;;0;;0;;0;;0;;0;;0;;0;;0;;0;;0;;0;;0;;0;;0;;1;;0;;0;;0;;0;;0;;0;;0;;0;;0
2;;1;;823;;Pre-Christmas Holiday Social Mixer;;0;;1;;0;;1;;1;;0;;0;;0;;0;;0;;0;;0;;0;;0;;0;;0;;0;;1;;0;;0;;0;;0;;0;;0;;0;;0;;0;;0;;0;;0;;0;;0
2;;1;;824;;German Dual Language Program - Join the school community for Santa Brunch at PS 17;;0;;1;;1;;0;;1;;0;;0;;0;;0;;0;;1;;0;;0;;0;;0;;0;;0;;0;;0;;1;;0;;0;;0;;0;;0;;0;;0;;0;;0;;0;;0;;0
2;;1;;825;;#FratHausBrunch (ONE YEAR ANNIVERSARY & COAT DRIVE);;0;;1;;0;;1;;1;;0;;0;;0;;0;;0;;1;;0;;0;;0;;0;;0;;0;;1;;0;;0;;0;;0;;0;;0;;0;;0;;0;;0;;0;;0;;0;;0
2;;1;;826;;CrossFit East River - Holiday Party 2015;;0;;1;;0;;1;;1;;0;;0;;0;;1;;0;;0;;0;;0;;0;;0;;0;;0;;0;;1;;0;;0;;0;;0;;0;;0;;0;;0;;0;;0;;0;;0;;0
2;;1;;827;;Meet Giada De Laurentiis at Williams-Sonoma Columbus Circle;;0;;1;;1;;0;;1;;0;;0;;0;;1;;0;;0;;0;;0;;0;;0;;0;;0;;1;;0;;0;;0;;0;;0;;0;;0;;0;;0;;0;;0;;0;;0;;0
2;;1;;828;;Natalie MacNeil's Book Launch Party for The Conquer Kit;;1;;0;;0;;1;;0;;1;;0;;0;;1;;0;;0;;0;;0;;1;;0;;0;;0;;0;;0;;0;;0;;0;;0;;0;;0;;0;;0;;0;;0;;0;;0;;0
2;;1;;829;;RITUAL | New Year's Eve Celebration at Parlor;;1;;0;;0;;1;;0;;0;;0;;1;;1;;0;;0;;0;;0;;0;;0;;0;;0;;0;;0;;0;;0;;0;;0;;0;;0;;1;;0;;0;;0;;0;;0;;0
2;;1;;830;;New Years Eve Dej Loaf Performing Live At Amazura;;1;;0;;0;;1;;0;;0;;1;;0;;0;;0;;0;;0;;1;;0;;0;;0;;0;;0;;0;;0;;0;;0;;0;;0;;0;;0;;0;;0;;0;;0;;0;;0
2;;1;;831;;Beyond Presents: New Year's Eve;;1;;0;;0;;1;;0;;1;;0;;0;;1;;0;;0;;0;;0;;0;;0;;0;;0;;0;;0;;0;;0;;0;;0;;0;;0;;0;;0;;0;;0;;0;;0;;1
2;;1;;832;;LAVO NYC NEW YEARS EVE PARTY ADVANCE TICKETS with OPEN BAR;;1;;0;;0;;1;;1;;0;;0;;0;;1;;0;;0;;0;;1;;0;;0;;0;;0;;0;;0;;0;;0;;0;;0;;0;;0;;0;;0;;0;;0;;0;;0;;0
2;;1;;833;;2nd COLUMBIA PSYCHOSOMATICS CONFERENCE. Healing Unexplainable Pain: Translating developmental neuroscience  into multimodal treatments for chronic pain;;1;;0;;1;;0;;0;;0;;0;;1;;1;;0;;0;;0;;0;;0;;0;;0;;1;;0;;0;;0;;0;;0;;0;;0;;0;;0;;0;;0;;0;;0;;0;;0
2;;1;;834;;USA Gap Year Fair- New York City;;0;;1;;0;;1;;1;;0;;0;;0;;1;;0;;0;;0;;0;;0;;0;;0;;0;;0;;0;;1;;0;;0;;0;;0;;0;;0;;0;;0;;0;;0;;0;;0
2;;1;;835;;Free Bridal Show at Dyker Beach Golf Course January 13th in Brooklyn, NY;;0;;1;;0;;1;;1;;0;;0;;0;;0;;0;;1;;0;;0;;0;;1;;0;;0;;0;;0;;0;;0;;0;;0;;0;;0;;0;;0;;0;;0;;0;;0;;0
2;;1;;836;;Expecting Parents & Baby Expo Jan. 2016 - Attendee;;1;;0;;1;;0;;1;;0;;0;;0;;0;;0;;1;;0;;0;;0;;0;;0;;0;;0;;0;;1;;0;;0;;0;;0;;0;;0;;0;;0;;0;;0;;0;;0
2;;1;;837;;Character Pathology - Frank Lachmann;;0;;1;;1;;0;;0;;0;;0;;1;;1;;0;;0;;0;;0;;0;;0;;0;;1;;0;;0;;0;;0;;0;;0;;0;;0;;0;;0;;0;;0;;0;;0;;0
2;;1;;838;;DSN Drama's Production of Disney Camp Rock- The Musical. Sunday Jan 10th 3pm @Ocean Township High School;;1;;0;;0;;1;;1;;0;;0;;0;;0;;1;;0;;0;;0;;0;;0;;1;;0;;0;;0;;0;;0;;0;;0;;0;;0;;0;;0;;0;;0;;0;;0;;0
2;;1;;839;;SpEdcampNJ 2016;;1;;0;;1;;0;;1;;0;;0;;0;;0;;1;;0;;0;;0;;0;;0;;0;;0;;0;;0;;1;;0;;0;;0;;0;;0;;0;;0;;0;;0;;0;;0;;0
2;;1;;840;;A President's Farewell & Holiday Celebration!;;0;;1;;0;;1;;1;;0;;0;;0;;0;;0;;0;;0;;0;;0;;0;;0;;0;;0;;0;;0;;0;;0;;1;;0;;0;;0;;0;;0;;0;;0;;0;;0
2;;1;;841;;Ruby Rims & Friends Do The Can-Can;;0;;1;;0;;1;;1;;0;;0;;0;;0;;0;;0;;0;;0;;0;;0;;0;;0;;0;;0;;0;;0;;0;;1;;0;;0;;0;;0;;0;;0;;0;;0;;0
2;;1;;842;;Obscura Society NY: Dutch Kills Secret Art Tour;;0;;1;;1;;0;;1;;0;;0;;0;;0;;0;;0;;0;;0;;0;;0;;0;;0;;0;;0;;0;;1;;0;;0;;0;;0;;0;;0;;0;;0;;0;;0;;0
2;;1;;843;;Indie Lens Pop Up: Autism In Love;;0;;1;;0;;1;;1;;0;;0;;0;;0;;0;;0;;0;;0;;0;;0;;0;;1;;0;;0;;0;;0;;0;;0;;0;;0;;0;;0;;0;;0;;0;;0;;0
2;;0;;844;;Brooklyn Skyrockets vs Bronx Holy Flames;;0;;1;;0;;1;;1;;0;;0;;0;;0;;0;;0;;0;;0;;0;;0;;0;;0;;0;;1;;0;;0;;0;;0;;0;;0;;0;;0;;0;;0;;0;;0;;0
2;;0;;845;;Sexittarius Affair;;0;;1;;0;;1;;1;;0;;0;;0;;1;;0;;0;;0;;0;;0;;1;;0;;0;;0;;0;;0;;0;;0;;0;;0;;0;;0;;0;;0;;0;;0;;0;;0
2;;0;;846;;THE BRICK CITY NUPES PRESENT THE ALL BLACK PARTY;;0;;1;;0;;1;;1;;0;;0;;0;;0;;1;;0;;0;;0;;0;;0;;0;;0;;0;;0;;0;;0;;0;;1;;0;;0;;0;;0;;0;;0;;0;;0;;0
2;;0;;847;;End of the Year - Day Party with Purpose;;0;;1;;0;;1;;1;;0;;0;;0;;0;;1;;0;;0;;0;;0;;0;;0;;0;;0;;0;;0;;1;;0;;0;;0;;0;;0;;0;;0;;0;;0;;0;;0
2;;0;;848;;Inner-City Scholarship Fund 39th Annual Award Dinner;;0;;1;;0;;1;;0;;0;;0;;1;;1;;0;;0;;0;;0;;0;;0;;0;;0;;0;;0;;0;;0;;0;;1;;0;;0;;0;;0;;0;;0;;0;;0;;0
2;;0;;849;;Digital Economy and Sustainable Development;;0;;1;;0;;1;;1;;0;;0;;0;;1;;0;;0;;0;;0;;0;;1;;0;;0;;0;;0;;0;;0;;0;;0;;0;;0;;0;;0;;0;;0;;0;;0;;0
2;;0;;850;;FAIRFIELD NJ JOB FAIR WEDNESDAY DECEMBER 16-MANY NEW COMPANIES @5pm!!;;1;;0;;0;;1;;1;;0;;0;;0;;0;;1;;0;;0;;0;;1;;0;;0;;0;;0;;0;;0;;0;;0;;0;;0;;0;;0;;0;;0;;0;;0;;0;;0
2;;0;;851;;Black Urban Professionals “Holiday Party with a Purpose”;;1;;0;;0;;1;;0;;1;;0;;0;;1;;0;;0;;0;;0;;0;;0;;0;;0;;0;;0;;0;;0;;0;;0;;0;;0;;1;;0;;0;;0;;0;;0;;0
2;;0;;852;;InTandem Holiday Party 2015;;1;;0;;0;;1;;1;;0;;0;;0;;1;;0;;0;;0;;0;;0;;0;;0;;0;;0;;1;;0;;0;;0;;0;;0;;0;;0;;0;;0;;0;;0;;0;;0
2;;0;;853;;Vend 'N Mix: Vendors' Christmas Gift-Shopping Edition!;;1;;0;;0;;1;;1;;0;;0;;0;;0;;0;;1;;0;;0;;0;;0;;0;;0;;0;;0;;0;;0;;0;;0;;0;;0;;1;;0;;0;;0;;0;;0;;0
2;;1;;854;;Volunteer Orientation - Join Us! - Dec 16th;;1;;0;;0;;1;;1;;0;;0;;0;;1;;0;;0;;0;;0;;0;;0;;0;;0;;0;;0;;0;;0;;0;;1;;0;;0;;0;;0;;0;;0;;0;;0;;0
2;;1;;855;;Etsy Labs Open Studio in partnership with Church of Craft;;1;;0;;0;;1;;1;;0;;0;;0;;0;;0;;1;;0;;0;;0;;0;;0;;0;;0;;0;;0;;0;;0;;0;;0;;1;;0;;0;;0;;0;;0;;0;;0
2;;1;;856;;B-Side: Aligns;;1;;0;;0;;1;;1;;0;;0;;0;;0;;0;;1;;0;;1;;0;;0;;0;;0;;0;;0;;0;;0;;0;;0;;0;;0;;0;;0;;0;;0;;0;;0;;0
2;;1;;857;;Unsettled Scores Concert;;1;;0;;0;;1;;1;;0;;0;;0;;1;;0;;0;;0;;0;;0;;0;;0;;0;;0;;0;;0;;0;;0;;0;;0;;0;;0;;0;;0;;0;;0;;0;;1
2;;1;;858;;DesignPrep | Design for the Holidays;;0;;1;;0;;1;;1;;0;;0;;0;;1;;0;;0;;0;;0;;0;;0;;0;;0;;0;;0;;1;;0;;0;;0;;0;;0;;0;;0;;0;;0;;0;;0;;0
2;;1;;859;;Family Renaissance Inc. New Book Release FUNDRAISER;;0;;1;;0;;1;;1;;0;;0;;0;;0;;0;;1;;0;;0;;0;;0;;0;;1;;0;;0;;0;;0;;0;;0;;0;;0;;0;;0;;0;;0;;0;;0;;0
2;;1;;860;;FAMILY CONCERT: Klez for Kids;;1;;0;;1;;0;;1;;0;;0;;0;;1;;0;;0;;0;;0;;0;;0;;0;;0;;0;;0;;0;;1;;0;;0;;0;;0;;0;;0;;0;;0;;0;;0;;0
2;;1;;861;;Do Black Lives Matter? & The MisEducation of our Youth;;1;;0;;0;;1;;0;;1;;0;;0;;0;;1;;0;;0;;0;;0;;0;;0;;0;;0;;0;;0;;1;;0;;0;;0;;0;;0;;0;;0;;0;;0;;0;;0
2;;1;;862;;Tone and Tease Master Class and Instructor Certification in New Jersey;;1;;0;;1;;0;;0;;1;;0;;0;;0;;1;;0;;0;;0;;0;;0;;0;;1;;0;;0;;0;;0;;0;;0;;0;;0;;0;;0;;0;;0;;0;;0;;0
2;;1;;863;;Zone 126 January 2015 Cradle to Career Convening;;0;;1;;1;;0;;1;;0;;0;;0;;0;;0;;0;;0;;0;;0;;0;;0;;0;;0;;0;;1;;0;;0;;0;;0;;0;;0;;0;;0;;0;;0;;0;;0
2;;0;;864;;13th National Black Writers Conference: Writing Race. March 31 - April 3, 2016;;1;;0;;0;;1;;1;;0;;0;;0;;0;;0;;1;;0;;0;;0;;0;;0;;0;;0;;0;;0;;1;;0;;0;;0;;0;;0;;0;;0;;0;;0;;0;;0
2;;0;;865;;MODEL AUDITION - FASHION ON THE HUDSON;;1;;0;;1;;0;;1;;0;;0;;0;;1;;0;;0;;0;;0;;0;;0;;0;;0;;0;;0;;0;;0;;0;;0;;1;;0;;0;;0;;0;;0;;0;;0;;0
2;;0;;866;;THEO's 25th Anniversary Celebration & Fundraiser;;1;;0;;0;;1;;1;;0;;0;;0;;0;;0;;1;;0;;0;;0;;0;;0;;0;;0;;0;;1;;0;;0;;0;;0;;0;;0;;0;;0;;0;;0;;0;;0
2;;0;;1283;;Contract Opportunities with NYC DOE and Division of Contract & Purchasing;;0;;1;;0;;1;;1;;0;;0;;0;;0;;0;;1;;0;;0;;1;;0;;0;;0;;0;;0;;0;;0;;0;;0;;0;;0;;0;;0;;0;;0;;0;;0;;0
2;;0;;1284;;QCon New York 2016;;0;;1;;1;;0;;0;;0;;0;;1;;0;;0;;1;;0;;0;;0;;0;;0;;0;;0;;0;;0;;0;;0;;0;;0;;0;;0;;0;;1;;0;;0;;0;;0
2;;0;;1285;;Birthday Party;;0;;1;;0;;1;;0;;0;;0;;1;;1;;0;;0;;0;;0;;0;;0;;1;;0;;0;;0;;0;;0;;0;;0;;0;;0;;0;;0;;0;;0;;0;;0;;0
2;;0;;1286;;Curiosity Concert 6A (2pm): Sruli & Lisa;;0;;1;;0;;1;;1;;0;;0;;0;;0;;0;;0;;0;;1;;0;;0;;0;;0;;0;;0;;0;;0;;0;;0;;0;;0;;0;;0;;0;;0;;0;;0;;0
2;;0;;1287;;Princeton Holistic Family Expo;;0;;1;;1;;0;;0;;1;;0;;0;;0;;1;;0;;0;;0;;0;;0;;0;;0;;0;;0;;1;;0;;0;;0;;0;;0;;0;;0;;0;;0;;0;;0;;0
2;;0;;1288;;CoderDojo Metuchen December 2015;;0;;1;;0;;1;;1;;0;;0;;0;;0;;1;;0;;0;;0;;0;;0;;0;;0;;0;;0;;0;;0;;0;;0;;0;;0;;0;;0;;1;;0;;0;;0;;0
2;;0;;1289;;Bergen Biz Holiday Celebration;;1;;0;;0;;1;;0;;0;;0;;1;;0;;1;;0;;0;;0;;1;;0;;0;;0;;0;;0;;0;;0;;0;;0;;0;;0;;0;;0;;0;;0;;0;;0;;0
2;;0;;1290;;New Jersey Nerium Holiday Party;;0;;1;;0;;1;;0;;0;;1;;0;;0;;0;;0;;0;;0;;0;;1;;0;;0;;0;;0;;0;;0;;0;;0;;0;;0;;0;;0;;0;;0;;0;;0;;0
2;;0;;1291;;AFP-NJ: Holiday Party & Policy Update!;;0;;1;;0;;1;;1;;0;;0;;0;;0;;1;;0;;0;;0;;0;;0;;0;;0;;0;;0;;0;;0;;0;;0;;0;;0;;0;;0;;0;;0;;0;;1;;0
2;;0;;1292;;NYIT New and Transfer Student Spring Orientation 2016 - Old Westbury, New York;;1;;0;;1;;0;;1;;0;;0;;0;;0;;0;;0;;0;;0;;0;;0;;0;;0;;0;;0;;1;;0;;0;;0;;0;;0;;0;;0;;0;;0;;0;;0;;0
2;;0;;1293;;MCC Open House - Sunday, April 3, 2016;;1;;0;;1;;0;;1;;0;;0;;0;;0;;1;;0;;0;;0;;0;;0;;0;;0;;0;;0;;1;;0;;0;;0;;0;;0;;0;;0;;0;;0;;0;;0;;0
2;;0;;1294;;LIFNG - 3rd Annual Cocktail Event;;1;;0;;0;;1;;0;;0;;0;;1;;0;;0;;0;;0;;0;;0;;0;;0;;1;;0;;0;;0;;0;;0;;0;;0;;0;;0;;0;;0;;0;;0;;0;;0
2;;0;;1295;;Annual Holiday Bash;;0;;1;;0;;1;;1;;0;;0;;0;;0;;0;;0;;0;;0;;0;;0;;0;;0;;0;;0;;0;;0;;0;;0;;0;;0;;1;;0;;0;;0;;0;;0;;0
2;;0;;1296;;Paint Your <3 Art Out! RiverTowns Social - RTS "Connecting on the Hudson" & Scribble Art Family Event;;1;;0;;0;;1;;1;;0;;0;;0;;0;;0;;0;;0;;0;;0;;0;;0;;0;;0;;0;;0;;1;;0;;0;;0;;0;;0;;0;;0;;0;;0;;0;;0
2;;0;;1297;;Holiday Recess Basketball Camp;;1;;0;;1;;0;;0;;0;;0;;1;;0;;0;;0;;0;;0;;0;;0;;0;;0;;0;;1;;0;;0;;0;;0;;0;;0;;0;;0;;0;;0;;0;;0;;0
2;;0;;1298;;Community Garden at Skyline Playground - Volunteer Days;;0;;1;;0;;1;;1;;0;;0;;0;;0;;0;;0;;0;;0;;0;;0;;0;;0;;0;;0;;0;;0;;0;;1;;0;;0;;0;;0;;0;;0;;0;;0;;0
2;;0;;1299;;La Plaza Beacon Dance Groups Encounter;;1;;0;;0;;1;;1;;0;;0;;0;;1;;0;;0;;0;;0;;0;;0;;1;;0;;0;;0;;0;;0;;0;;0;;0;;0;;0;;0;;0;;0;;0;;0;;0
2;;0;;1300;;Finding Voice in the Unspeakable: Honoring Survivors of Child Sexual Abuse;;0;;1;;0;;1;;1;;0;;0;;0;;1;;0;;0;;0;;0;;0;;0;;0;;0;;0;;0;;1;;0;;0;;0;;0;;0;;0;;0;;0;;0;;0;;0;;0
2;;0;;1301;;Made In His Image (MIHI) Beauty Workshop;;0;;1;;0;;1;;1;;0;;0;;0;;0;;0;;0;;0;;0;;0;;0;;0;;0;;0;;0;;0;;0;;0;;0;;1;;0;;0;;0;;0;;0;;0;;0;;0
2;;0;;1302;;2nd Annual Namaste Harmonies Holiday Party;;0;;1;;0;;1;;1;;0;;0;;0;;0;;0;;1;;0;;0;;0;;0;;0;;0;;0;;0;;1;;0;;0;;0;;0;;0;;0;;0;;0;;0;;0;;0;;0
2;;0;;1303;;New York Piano Society Holiday Concert: 10th Anniversary;;0;;1;;0;;1;;1;;0;;0;;0;;1;;0;;0;;0;;1;;0;;0;;0;;0;;0;;0;;0;;0;;0;;0;;0;;0;;0;;0;;0;;0;;0;;0;;0
2;;0;;1304;;Burlesque Below The Bridges 12/12;;0;;1;;0;;1;;0;;1;;0;;0;;0;;0;;1;;0;;0;;0;;0;;1;;0;;0;;0;;0;;0;;0;;0;;0;;0;;0;;0;;0;;0;;0;;0;;0
2;;1;;1305;;The Crystal God Dimension;;0;;1;;0;;1;;1;;0;;0;;0;;1;;0;;0;;0;;1;;0;;0;;0;;0;;0;;0;;0;;0;;0;;0;;0;;0;;0;;0;;0;;0;;0;;0;;0
2;;1;;1306;;Sagittarius Celebration & Tribute Sat. Dec 12th @ Rocky's 34th St. NYC;;0;;1;;0;;1;;1;;0;;0;;0;;1;;0;;0;;0;;0;;0;;0;;0;;0;;1;;0;;0;;0;;0;;0;;0;;0;;0;;0;;0;;0;;0;;0;;0
2;;1;;1307;;Adventure Club: Behind-the-Scenes @ United Palace, The Last Wonder Theater;;0;;1;;0;;1;;0;;1;;0;;0;;1;;0;;0;;0;;0;;0;;0;;0;;0;;0;;0;;0;;1;;0;;0;;0;;0;;0;;0;;0;;0;;0;;0;;0
2;;1;;1308;;NY Jazz Academy Recital at Club Bonafide;;0;;1;;0;;1;;1;;0;;0;;0;;1;;0;;0;;0;;1;;0;;0;;0;;0;;0;;0;;0;;0;;0;;0;;0;;0;;0;;0;;0;;0;;0;;0;;0
2;;1;;1309;;December Super Secret Club Comic Book Club Meeting;;0;;1;;0;;1;;1;;0;;0;;0;;0;;1;;0;;0;;0;;0;;0;;0;;0;;0;;0;;0;;0;;0;;0;;0;;1;;0;;0;;0;;0;;0;;0;;0
2;;1;;1310;;Performing Systems;;0;;1;;0;;1;;0;;1;;0;;0;;1;;0;;0;;0;;0;;0;;0;;1;;0;;0;;0;;0;;0;;0;;0;;0;;0;;0;;0;;0;;0;;0;;0;;0
2;;1;;1311;;A Christmas Carol: Year Three (ridgewood);;0;;1;;0;;1;;1;;0;;0;;0;;0;;0;;0;;0;;0;;0;;0;;1;;0;;0;;0;;0;;0;;0;;0;;0;;0;;0;;0;;0;;0;;0;;0;;0
2;;1;;1312;;TABLE presents (an art benefit);;0;;1;;0;;1;;1;;0;;0;;0;;1;;0;;0;;0;;0;;0;;0;;0;;0;;0;;0;;0;;0;;0;;1;;0;;0;;0;;0;;0;;0;;0;;0;;0
2;;1;;1313;;Harlem Toy Drive;;0;;1;;0;;1;;1;;0;;0;;0;;0;;0;;0;;0;;0;;0;;0;;0;;0;;0;;0;;0;;0;;0;;0;;0;;0;;1;;0;;0;;0;;0;;0;;0
2;;1;;1314;;Get Your Knit On with WATG @ Le Midi, NY;;0;;1;;0;;1;;0;;0;;1;;0;;1;;0;;0;;0;;0;;0;;0;;0;;0;;0;;0;;0;;0;;0;;0;;0;;1;;0;;0;;0;;0;;0;;0;;0
2;;1;;1315;;Taste Top Wines from the Oldest Winery in Italy;;0;;1;;0;;1;;1;;0;;0;;0;;1;;0;;0;;0;;0;;0;;0;;0;;0;;1;;0;;0;;0;;0;;0;;0;;0;;0;;0;;0;;0;;0;;0;;0
2;;1;;1316;;The Corner Bar and Grill;;0;;1;;0;;1;;1;;0;;0;;0;;0;;0;;0;;0;;0;;0;;1;;0;;0;;0;;0;;0;;0;;0;;0;;0;;0;;0;;0;;0;;0;;0;;0;;0
2;;1;;1317;;2015 Holiday Party;;0;;1;;0;;1;;1;;0;;0;;0;;1;;0;;0;;0;;0;;0;;0;;0;;0;;0;;0;;0;;0;;0;;0;;0;;0;;1;;0;;0;;0;;0;;0;;0
2;;1;;1318;;BLS CPR AED Healthcare Provider Classroom Course;;0;;1;;0;;1;;1;;0;;0;;0;;0;;1;;0;;0;;0;;0;;0;;0;;0;;0;;0;;1;;0;;0;;0;;0;;0;;0;;0;;0;;0;;0;;0;;0
2;;1;;1319;;Brothers Inc. Rise Of An Empire Tour Events;;1;;0;;0;;1;;1;;0;;0;;0;;1;;0;;0;;0;;1;;0;;0;;0;;0;;0;;0;;0;;0;;0;;0;;0;;0;;0;;0;;0;;0;;0;;0;;0
2;;1;;1320;;Church Avenue BID Annual Meeting;;1;;0;;1;;0;;1;;0;;0;;0;;0;;0;;1;;0;;0;;1;;0;;0;;0;;0;;0;;0;;0;;0;;0;;0;;0;;0;;0;;0;;0;;0;;0;;0
2;;1;;1321;;The Hottest Toddies: A Hot Toddy Showdown Tasting Event;;1;;0;;0;;1;;1;;0;;0;;0;;1;;0;;0;;0;;0;;0;;0;;0;;0;;1;;0;;0;;0;;0;;0;;0;;0;;0;;0;;0;;0;;0;;0;;0
2;;1;;1322;;Bioengineering, Biomaterials and Bioaesthetics A Workshop with Dr. Nina Tandon and friends;;1;;0;;0;;1;;0;;0;;0;;1;;0;;0;;1;;0;;0;;0;;0;;0;;0;;0;;0;;0;;0;;0;;0;;0;;0;;0;;0;;1;;0;;0;;0;;0
2;;1;;1323;;PHAM - Pre Holiday Afterwork Mixer, Vol 7;;0;;1;;0;;1;;1;;0;;0;;0;;1;;0;;0;;0;;0;;0;;0;;0;;0;;1;;0;;0;;0;;0;;0;;0;;0;;0;;0;;0;;0;;0;;0;;0
2;;1;;1324;;Friendly Friday - Birthday Bash for Fourd Nkay -;;0;;1;;1;;0;;1;;0;;0;;0;;1;;0;;0;;0;;1;;0;;0;;0;;0;;0;;0;;0;;0;;0;;0;;0;;0;;0;;0;;0;;0;;0;;0;;0
2;;1;;1325;;Neon Weekend Workshop;;0;;1;;1;;0;;1;;0;;0;;0;;0;;0;;1;;0;;0;;0;;0;;1;;0;;0;;0;;0;;0;;0;;0;;0;;0;;0;;0;;0;;0;;0;;0;;0
2;;1;;1326;;Realism Raw Art & Romantics;;0;;1;;0;;1;;1;;0;;0;;0;;1;;0;;0;;0;;0;;0;;0;;1;;0;;0;;0;;0;;0;;0;;0;;0;;0;;0;;0;;0;;0;;0;;0;;0
2;;1;;1327;;"An Evening Under The Stars" Holiday Cocktail Party;;0;;1;;0;;1;;1;;0;;0;;0;;0;;0;;0;;0;;0;;0;;0;;0;;0;;0;;0;;0;;1;;0;;0;;0;;0;;0;;0;;0;;0;;0;;0;;0
2;;1;;1328;;A Tudor Feast;;0;;1;;0;;1;;1;;0;;0;;0;;0;;0;;1;;0;;0;;0;;0;;0;;0;;1;;0;;0;;0;;0;;0;;0;;0;;0;;0;;0;;0;;0;;0;;0
2;;1;;1329;;Vision Board Party Hosted by Tionna Smalls;;0;;1;;0;;1;;0;;0;;1;;0;;0;;0;;1;;0;;0;;1;;0;;0;;0;;0;;0;;0;;0;;0;;0;;0;;0;;0;;0;;0;;0;;0;;0;;0
2;;1;;1330;;Nurse Christmas Celebration;;1;;0;;0;;1;;1;;0;;0;;0;;1;;0;;0;;0;;0;;0;;0;;0;;0;;1;;0;;0;;0;;0;;0;;0;;0;;0;;0;;0;;0;;0;;0;;0
2;;0;;1331;;Drew Sestito, La'Wrenne, Thaddeus Strauss & Setsuko at Club Bonafide;;1;;0;;0;;1;;1;;0;;0;;0;;1;;0;;0;;0;;1;;0;;0;;0;;0;;0;;0;;0;;0;;0;;0;;0;;0;;0;;0;;0;;0;;0;;0;;0
2;;0;;1332;;TANTY EULYN;;1;;0;;0;;1;;1;;0;;0;;0;;0;;0;;0;;0;;1;;0;;0;;0;;0;;0;;0;;0;;0;;0;;0;;0;;0;;0;;0;;0;;0;;0;;0;;0
2;;0;;1333;;B2M - THURSDAYS BOYS 2 MEN URBAN BLATINO PARTY ((12/24/15));;1;;0;;1;;0;;1;;0;;0;;0;;1;;0;;0;;0;;0;;0;;1;;0;;0;;0;;0;;0;;0;;0;;0;;0;;0;;0;;0;;0;;0;;0;;0;;0
2;;0;;1334;;THANK YOU $2 FETE - $2 ENTRY BEFORE 1AM TO $2 TICKET HOLDERS;;0;;1;;0;;1;;1;;0;;0;;0;;0;;0;;1;;0;;0;;0;;0;;0;;0;;0;;0;;0;;0;;0;;0;;0;;0;;0;;0;;0;;0;;0;;0;;1
2;;0;;1335;;Design Tales: Imagination Playground (111 Central Park N, Harlem);;1;;0;;1;;0;;1;;0;;0;;0;;1;;0;;0;;0;;0;;0;;0;;0;;0;;0;;0;;1;;0;;0;;0;;0;;0;;0;;0;;0;;0;;0;;0;;0
2;;0;;1336;;New Year's Eve 2015 - Mastro's Steakhouse, Manhattan;;1;;0;;0;;1;;1;;0;;0;;0;;1;;0;;0;;0;;0;;0;;0;;0;;0;;1;;0;;0;;0;;0;;0;;0;;0;;0;;0;;0;;0;;0;;0;;0
2;;0;;1337;;Richard Bona & Davi Vieira New Year's Eve Main Event at Club Bonafide;;1;;0;;0;;1;;0;;0;;0;;1;;1;;0;;0;;0;;1;;0;;0;;0;;0;;0;;0;;0;;0;;0;;0;;0;;0;;0;;0;;0;;0;;0;;0;;0
2;;0;;1338;;New Year's Eve at Spice Market: Escapades In Bollywood;;1;;0;;0;;1;;1;;0;;0;;0;;1;;0;;0;;0;;0;;0;;0;;0;;0;;1;;0;;0;;0;;0;;0;;0;;0;;0;;0;;0;;0;;0;;0;;0
2;;0;;1339;;New Years Eve 2016 @ Central Lounge;;1;;0;;0;;1;;0;;0;;0;;1;;0;;0;;0;;0;;1;;0;;0;;0;;0;;0;;0;;0;;0;;0;;0;;0;;0;;0;;0;;0;;0;;0;;0;;0
2;;0;;1340;;Creatief Programmeren - Raspberry Pi - Sessie 4 - EXTRA SESSIE;;0;;1;;1;;0;;1;;0;;0;;0;;0;;0;;0;;0;;0;;0;;0;;0;;0;;0;;0;;0;;0;;0;;0;;0;;0;;0;;0;;1;;0;;0;;0;;0
2;;0;;1341;;Synchrony, A Demoparty in NYC;;1;;0;;0;;1;;0;;0;;0;;1;;1;;0;;0;;0;;0;;0;;0;;0;;0;;0;;0;;0;;0;;0;;0;;0;;0;;0;;0;;1;;0;;0;;0;;0
2;;0;;1342;;Free Job Searching Skills Seminar  NYC;;0;;1;;0;;1;;1;;0;;0;;0;;1;;0;;0;;0;;0;;1;;0;;0;;0;;0;;0;;0;;0;;0;;0;;0;;0;;0;;0;;0;;0;;0;;0;;0
2;;0;;1343;;Wed 1/13 Gay Speed Dating: Millionaire Matchmaker;;0;;1;;0;;1;;0;;0;;1;;0;;1;;0;;0;;0;;0;;0;;0;;0;;0;;0;;0;;0;;1;;0;;0;;0;;0;;0;;0;;0;;0;;0;;0;;0
2;;1;;1344;;Entrepreneur Trading Conference;;1;;0;;0;;1;;1;;0;;0;;0;;0;;1;;0;;0;;0;;1;;0;;0;;0;;0;;0;;0;;0;;0;;0;;0;;0;;0;;0;;0;;0;;0;;0;;0
2;;1;;1345;;Happy Hour: Visual Thinking and Drinking;;0;;1;;0;;1;;1;;0;;0;;0;;0;;0;;0;;0;;0;;1;;0;;0;;0;;0;;0;;0;;0;;0;;0;;0;;0;;0;;0;;0;;0;;0;;0;;0
2;;1;;1346;;Project Compliance and Documentation Session-for Construction Firms, 1/20/16;;0;;1;;1;;0;;1;;0;;0;;0;;1;;0;;0;;0;;0;;1;;0;;0;;0;;0;;0;;0;;0;;0;;0;;0;;0;;0;;0;;0;;0;;0;;0;;0
2;;1;;1347;;Strategies To Accelerate Revenue Growth;;0;;1;;1;;0;;1;;0;;0;;0;;0;;0;;0;;0;;0;;1;;0;;0;;0;;0;;0;;0;;0;;0;;0;;0;;0;;0;;0;;0;;0;;0;;0;;0
2;;1;;1348;;The Naked Truth;;1;;0;;0;;1;;1;;0;;0;;0;;1;;0;;0;;0;;0;;0;;0;;1;;0;;0;;0;;0;;0;;0;;0;;0;;0;;0;;0;;0;;0;;0;;0;;0
2;;1;;1349;;2016 Mentor's Day Full Court Experience;;1;;0;;0;;1;;0;;1;;0;;0;;0;;0;;1;;0;;0;;0;;0;;0;;0;;0;;1;;0;;0;;0;;0;;0;;0;;0;;0;;0;;0;;0;;0;;0
2;;1;;1350;;NYPL-CEIS Morrisania Library Mini-College and Career Fair 2016;;1;;0;;1;;0;;1;;0;;0;;0;;0;;0;;0;;0;;0;;1;;0;;0;;0;;0;;0;;0;;0;;0;;0;;0;;0;;0;;0;;0;;0;;0;;0;;0
2;;1;;1351;;A Taste of Magic: Friday, January 29th at Dock's;;1;;0;;0;;1;;0;;0;;0;;1;;1;;0;;0;;0;;0;;0;;0;;1;;0;;0;;0;;0;;0;;0;;0;;0;;0;;0;;0;;0;;0;;0;;0;;0
