1;;1;;1;;2016 Winter Antiques Show • January 22-31, 2016;;1;;0;;0;;1;;1;;0;;0;;0;;1;;0;;0;;0;;0;;0;;0;;1;;0;;0;;0;;0;;0;;0;;0;;0;;0;;0;;0;;0;;0;;0;;0;;0
1;;0;;2;;We Heart Art Penthouse Evening with Live Jazz;;0;;1;;0;;1;;1;;0;;0;;0;;1;;0;;0;;0;;1;;0;;0;;0;;0;;0;;0;;0;;0;;0;;0;;0;;0;;0;;0;;0;;0;;0;;0;;0
1;;0;;3;;SATURDAY NIGHT AT MISSION NIGHTCLUB LOUNGE;;0;;1;;0;;1;;1;;0;;0;;0;;1;;0;;0;;0;;1;;0;;0;;0;;0;;0;;0;;0;;0;;0;;0;;0;;0;;0;;0;;0;;0;;0;;0;;0
1;;1;;4;;FREE NEW YEARS EVE PARTY WITH FASHION SHOW;;1;;0;;0;;1;;1;;0;;0;;0;;1;;0;;0;;0;;0;;0;;0;;0;;0;;0;;0;;0;;0;;0;;0;;1;;0;;0;;0;;0;;0;;0;;0;;0
1;;0;;5;;FALL ROOFTOP FRIDAY at the DL rooftop + FREE admission on Peter's list;;0;;1;;1;;0;;1;;0;;0;;0;;1;;0;;0;;0;;1;;0;;0;;0;;0;;0;;0;;0;;0;;0;;0;;0;;0;;0;;0;;0;;0;;0;;0;;0
1;;0;;6;;Style & Grace At Lifestyle Saturdays Liberty Theater;;0;;1;;0;;1;;1;;0;;0;;0;;1;;0;;0;;0;;1;;0;;0;;0;;0;;0;;0;;0;;0;;0;;0;;0;;0;;0;;0;;0;;0;;0;;0;;0
1;;1;;7;;ULTRA FRIDAYS NYC @ Santos Party House LADIES NO COVER ALL NIGHT W/ RSVP #GQEVENT;;0;;1;;0;;1;;1;;0;;0;;0;;1;;0;;0;;0;;1;;0;;0;;0;;0;;0;;0;;0;;0;;0;;0;;0;;0;;0;;0;;0;;0;;0;;0;;0
1;;0;;8;;Certified Saturdays At Milk River By The Barclay Center;;0;;1;;1;;0;;1;;0;;0;;0;;0;;0;;1;;0;;0;;0;;0;;0;;0;;1;;0;;0;;0;;0;;0;;0;;0;;0;;0;;0;;0;;0;;0;;0
1;;0;;9;;MADE IN DECEMBER at Orbit NYC Sunday December 13th Ladies Fr33 before 12 with Rsvp ...;;0;;1;;0;;1;;0;;1;;0;;0;;1;;0;;0;;0;;1;;0;;0;;0;;0;;0;;0;;0;;0;;0;;0;;0;;0;;0;;0;;0;;0;;0;;0;;0
1;;0;;10;;Sat Jan 2nd " What a Time to be Alive " at Milk River | & |  The All WHITE Party Jan 23rd at Milk River | Fr33 Before 12 with RSVP to The Link Below;;1;;0;;0;;1;;0;;1;;0;;0;;0;;0;;1;;0;;1;;0;;0;;0;;0;;0;;0;;0;;0;;0;;0;;0;;0;;0;;0;;0;;0;;0;;0;;0
1;;0;;11;;Showtime Saturday with Money and Violence " Sagittarius affair party " at Love Nightclub Everyone free Before 12 with Rsvp to the Like Blow ..;;0;;1;;0;;1;;0;;1;;0;;0;;0;;0;;1;;0;;1;;0;;0;;0;;0;;0;;0;;0;;0;;0;;0;;0;;0;;0;;0;;0;;0;;0;;0;;0
1;;1;;12;;SATURDAY NIGHT @ HUDSON  TERRACE;;0;;1;;0;;1;;1;;0;;0;;0;;1;;0;;0;;0;;1;;0;;0;;0;;0;;0;;0;;0;;0;;0;;0;;0;;0;;0;;0;;0;;0;;0;;0;;0
1;;1;;13;;NYE BROOKLYN BALL 2016;;1;;0;;0;;1;;1;;0;;0;;0;;0;;0;;0;;0;;0;;0;;0;;1;;0;;0;;0;;0;;0;;0;;0;;0;;0;;0;;0;;0;;0;;0;;0;;0
1;;1;;14;;RISING ICONS the Biggest Capricorn Celebration in NYC 2015 at LOVE NIGHT CLUB & LUST NYC #Gqevent;;0;;1;;0;;1;;1;;0;;0;;0;;0;;0;;1;;0;;1;;0;;0;;0;;0;;0;;0;;0;;0;;0;;0;;0;;0;;0;;0;;0;;0;;0;;0;;0
1;;0;;15;;New Jersey City Hip Hop Day Festival;;0;;1;;0;;1;;1;;0;;0;;0;;0;;1;;0;;0;;1;;0;;0;;0;;0;;0;;0;;0;;0;;0;;0;;0;;0;;0;;0;;0;;0;;0;;0;;0
1;;0;;16;;NYC - Financial Freedom Investor Orientation / Learn the Insider Secrets of Savvy Real Estate Investors!!;;1;;0;;0;;1;;1;;0;;0;;0;;1;;0;;0;;0;;0;;1;;0;;0;;0;;0;;0;;0;;0;;0;;0;;0;;0;;0;;0;;0;;0;;0;;0;;0
1;;0;;17;;Star Wars Night! Harpoon UFO Bucket Specials & Chance to Win Star Wars Tickets!;;1;;0;;0;;1;;1;;0;;0;;0;;1;;0;;0;;0;;0;;0;;0;;0;;0;;1;;0;;0;;0;;0;;0;;0;;0;;0;;0;;0;;0;;0;;0;;0
1;;0;;18;;THE Official Red Carpet Affair FASHION NIGHT OUT at Orbit NYC Friday Jan 1st EVERYONE FR33 WITH RSVP TO THE LINK BELOW ..;;1;;0;;0;;1;;1;;0;;0;;0;;1;;0;;0;;0;;0;;0;;0;;0;;0;;1;;0;;0;;0;;0;;0;;0;;0;;0;;0;;0;;0;;0;;0;;0
1;;1;;19;;I LOVE Tuesdays at Falucka Lounge | TURN UP Wednesdays at NY Tracks Cafe | $100 BOTTLES RSVP to the Link BELOW;;0;;1;;0;;1;;0;;1;;0;;0;;1;;0;;0;;0;;1;;0;;0;;0;;0;;0;;0;;0;;0;;0;;0;;0;;0;;0;;0;;0;;0;;0;;0;;0
1;;0;;20;;Ho-Ho-Hoboken SantaCon 2015;;0;;1;;1;;0;;0;;1;;0;;0;;0;;1;;0;;0;;0;;0;;0;;0;;0;;0;;0;;0;;0;;0;;0;;0;;0;;1;;0;;0;;0;;0;;0;;0
1;;0;;21;;Campagnolo Gran Fondo New York 2016;;1;;0;;1;;0;;1;;0;;0;;0;;1;;0;;0;;0;;0;;0;;0;;0;;0;;0;;1;;0;;0;;0;;0;;0;;0;;0;;0;;0;;0;;0;;0;;0
1;;0;;22;;Foreplay Fridays @ Play Lounge;;0;;1;;0;;1;;1;;0;;0;;0;;0;;0;;0;;0;;1;;0;;0;;0;;0;;0;;0;;0;;0;;0;;0;;0;;0;;0;;0;;0;;0;;0;;0;;0
1;;1;;23;;FREE FASHION SHOW - FASHION ON THE HUDSON 8 - 30 DESIGNERS;;1;;0;;0;;1;;1;;0;;0;;0;;1;;0;;0;;0;;0;;0;;0;;0;;0;;0;;0;;0;;0;;0;;0;;1;;0;;0;;0;;0;;0;;0;;0;;0
1;;0;;24;;"Edward Scissorhands": A Free 25th Anniversary Screening;;0;;1;;0;;1;;1;;0;;0;;0;;1;;0;;0;;0;;0;;0;;0;;0;;0;;0;;0;;0;;0;;0;;0;;0;;0;;0;;0;;0;;0;;0;;0;;1
1;;1;;25;;Certified Saturdays @ Milk River;;0;;1;;1;;0;;1;;0;;0;;0;;0;;0;;0;;0;;1;;0;;0;;0;;0;;0;;0;;0;;0;;0;;0;;0;;0;;0;;0;;0;;0;;0;;0;;0
1;;0;;26;;@ThingsExpo;;0;;1;;1;;0;;1;;0;;0;;0;;1;;0;;0;;0;;0;;0;;0;;0;;0;;0;;0;;0;;0;;0;;0;;0;;0;;0;;0;;1;;0;;0;;0;;0
1;;1;;27;;CHAMPAGNE CAMPAIGN at Milk River in Fun City Brooklyn with Bobby Trendz & DJ BIG REEF RSVP now to the link Below;;0;;1;;0;;1;;1;;0;;0;;0;;0;;0;;1;;0;;0;;0;;0;;0;;0;;1;;0;;0;;0;;0;;0;;0;;0;;0;;0;;0;;0;;0;;0;;0
1;;0;;28;;Brunch & Dinner | Sun Dec 27th at Milk River Everyone free with Rsvp #76;;0;;1;;0;;1;;0;;1;;0;;0;;0;;0;;1;;0;;0;;0;;0;;0;;0;;1;;0;;0;;0;;0;;0;;0;;0;;0;;0;;0;;0;;0;;0;;0
1;;0;;29;;National Immigrant Integration Conference (NIIC) 2015;;0;;1;;0;;1;;1;;0;;0;;0;;0;;0;;1;;0;;0;;0;;0;;0;;0;;0;;0;;0;;0;;0;;1;;0;;0;;0;;0;;0;;0;;0;;0;;0
1;;0;;30;;NAUGHTY SANTA;;0;;1;;1;;0;;1;;0;;0;;0;;0;;0;;0;;0;;1;;0;;0;;0;;0;;0;;0;;0;;0;;0;;0;;0;;0;;0;;0;;0;;0;;0;;0;;0
1;;1;;31;;NYC Real Estate Investor Orientation;;1;;0;;0;;1;;1;;0;;0;;0;;1;;0;;0;;0;;0;;1;;0;;0;;0;;0;;0;;0;;0;;0;;0;;0;;0;;0;;0;;0;;0;;0;;0;;0
1;;0;;32;;HANGOVER FRIDAYS at ESavoy Lounge | Every fr33 #Eat. #Drink. #Party. 73;;0;;1;;0;;1;;0;;1;;0;;0;;0;;0;;1;;0;;1;;0;;0;;0;;0;;0;;0;;0;;0;;0;;0;;0;;0;;0;;0;;0;;0;;0;;0;;0
1;;0;;33;;ULTRA FRIDAYS NYC (LADIES FREE ALL NIGHT W/ PASS @ SANTOS PARTY HOUSE;;0;;1;;1;;0;;1;;0;;0;;0;;1;;0;;0;;0;;0;;0;;1;;0;;0;;0;;0;;0;;0;;0;;0;;0;;0;;0;;0;;0;;0;;0;;0;;0
1;;0;;34;;NGO CSW Forum, CSW 60;;0;;1;;0;;1;;1;;0;;0;;0;;1;;0;;0;;0;;0;;0;;1;;0;;0;;0;;0;;0;;0;;0;;0;;0;;0;;0;;0;;0;;0;;0;;0;;0
1;;0;;35;;FUGLY the Ugly Sweater Party!;;0;;1;;0;;1;;1;;0;;0;;0;;0;;0;;1;;0;;0;;0;;0;;0;;0;;0;;0;;0;;0;;0;;0;;0;;0;;1;;0;;0;;0;;0;;0;;0
1;;1;;36;;Adult Mental Health First Aid Training;;0;;1;;1;;0;;1;;0;;0;;0;;0;;0;;0;;0;;0;;0;;0;;0;;1;;0;;0;;0;;0;;0;;0;;0;;0;;0;;0;;0;;0;;0;;0;;0
1;;1;;37;;"Clue": A 30th Anniversary Screening in 35mm Film;;0;;1;;0;;1;;1;;0;;0;;0;;1;;0;;0;;0;;0;;0;;0;;0;;0;;0;;0;;0;;0;;0;;0;;0;;0;;0;;0;;0;;0;;0;;0;;1
1;;0;;38;;ATWYS/NYSN New & Existing Member Happy Hour;;0;;1;;0;;1;;0;;1;;0;;0;;1;;0;;0;;0;;0;;0;;0;;0;;0;;1;;0;;0;;0;;0;;0;;0;;0;;0;;0;;0;;0;;0;;0;;0
1;;1;;39;;Digital DUMBO "Holiday Bash + 2min Agency Showcase" Presented by Q;;1;;0;;0;;1;;1;;0;;0;;0;;0;;0;;1;;0;;0;;1;;0;;0;;0;;0;;0;;0;;0;;0;;0;;0;;0;;0;;0;;0;;0;;0;;0;;0
1;;0;;40;;New Jack Shit;;0;;1;;1;;0;;1;;0;;0;;0;;0;;0;;1;;0;;1;;0;;0;;0;;0;;0;;0;;0;;0;;0;;0;;0;;0;;0;;0;;0;;0;;0;;0;;0
1;;0;;41;;BangOn!NYC presents: New Year's Eve 2016 "Time & Space" w/ Justin Martin, Kill Frenzy, and Brenmar;;1;;0;;0;;1;;0;;0;;0;;1;;0;;0;;1;;0;;1;;0;;0;;0;;0;;0;;0;;0;;0;;0;;0;;0;;0;;0;;0;;0;;0;;0;;0;;0
1;;1;;42;;A Royal Evening with the Crown Prince of Italy & Carnival Ball;;1;;0;;0;;1;;1;;0;;0;;0;;1;;0;;0;;0;;0;;0;;0;;0;;0;;0;;0;;0;;0;;0;;0;;0;;0;;1;;0;;0;;0;;0;;0;;0
1;;1;;43;;FRIDAY NIGHT SKY ROOM;;0;;1;;0;;1;;1;;0;;0;;0;;1;;0;;0;;0;;1;;0;;0;;0;;0;;0;;0;;0;;0;;0;;0;;0;;0;;0;;0;;0;;0;;0;;0;;0
1;;0;;44;;Caribbean Holiday House Party;;0;;1;;0;;1;;1;;0;;0;;0;;0;;0;;1;;0;;0;;0;;0;;0;;0;;0;;0;;1;;0;;0;;0;;0;;0;;0;;0;;0;;0;;0;;0;;0
1;;1;;45;;The Night Show;;0;;1;;0;;1;;1;;0;;0;;0;;1;;0;;0;;0;;1;;0;;0;;0;;0;;0;;0;;0;;0;;0;;0;;0;;0;;0;;0;;0;;0;;0;;0;;0
1;;0;;46;;DevOps Summit;;0;;1;;1;;0;;1;;0;;0;;0;;1;;0;;0;;0;;0;;0;;0;;0;;0;;0;;0;;0;;0;;0;;0;;0;;0;;0;;0;;1;;0;;0;;0;;0
1;;0;;47;;Private Gallery Wine Social With Ice Breakers & Open Wine Bar;;1;;0;;0;;1;;1;;0;;0;;0;;1;;0;;0;;0;;0;;0;;0;;0;;0;;1;;0;;0;;0;;0;;0;;0;;0;;0;;0;;0;;0;;0;;0;;0
1;;1;;48;;Soca In Soho Christmas Fete;;0;;1;;0;;1;;1;;0;;0;;0;;1;;0;;0;;0;;1;;0;;0;;0;;0;;0;;0;;0;;0;;0;;0;;0;;0;;0;;0;;0;;0;;0;;0;;0
1;;1;;49;;Thursday Dec 31st New Year's Eve at Lust NY Everyone free before 12 with Rsvp link Below;;1;;0;;0;;1;;1;;0;;0;;0;;0;;0;;1;;0;;1;;0;;0;;0;;0;;0;;0;;0;;0;;0;;0;;0;;0;;0;;0;;0;;0;;0;;0;;0
1;;1;;50;;Cloud Expo New York;;0;;1;;1;;0;;1;;0;;0;;0;;1;;0;;0;;0;;0;;0;;0;;0;;0;;0;;0;;0;;0;;0;;0;;0;;0;;0;;0;;1;;0;;0;;0;;0
